Borough,Date,UseOfForceCount,Average Score,Outcome: Arrested,Outcome: Hospitalised,Outcome: Detained - Mental Health Act,Outcome: Other,Impact_Outcome: Arrested,Impact_Outcome: Hospitalised,Impact_Outcome: Detained - Mental Health Act,Impact_Outcome: Other,Total_Impact
Barking and Dagenham,2017-06-30,208,0.7025,165,11,1,43,-0.00920535,0.0044,-0.0014,0.012899999999999998,0.006694649999999999
Barking and Dagenham,2017-09-30,287,0.7012,180,13,21,86,-0.0100422,0.005200000000000001,-0.0294,0.025799999999999997,-0.008442200000000004
Barking and Dagenham,2017-12-31,369,0.6662,273,21,10,83,-0.01523067,0.008400000000000001,-0.014,0.0249,0.0040693299999999995
Barking and Dagenham,2018-03-31,474,0.6262,353,25,10,103,-0.01969387,0.01,-0.014,0.030899999999999997,0.007206129999999998
Barking and Dagenham,2018-06-30,521,0.615,371,14,13,131,-0.02069809,0.0056,-0.0182,0.039299999999999995,0.006001909999999992
Barking and Dagenham,2018-09-30,708,0.5875,538,30,22,134,-0.03001502,0.012,-0.0308,0.0402,-0.008615020000000001
Barking and Dagenham,2018-12-31,919,0.6,739,27,15,170,-0.04122881,0.0108,-0.021,0.051,-0.0004288100000000017
Barking and Dagenham,2019-03-31,890,0.5775,752,30,25,125,-0.04195408,0.012,-0.034999999999999996,0.0375,-0.02745408
Barking and Dagenham,2019-06-30,936,0.5625,794,19,23,139,-0.04429726,0.0076,-0.0322,0.041699999999999994,-0.027197259999999994
Barking and Dagenham,2019-09-30,907,0.57,739,36,24,155,-0.04122881,0.014400000000000001,-0.0336,0.04649999999999999,-0.01392881
Barking and Dagenham,2019-12-31,980,0.5512,825,18,24,138,-0.04602675,0.007200000000000001,-0.0336,0.0414,-0.03102675
Barking and Dagenham,2020-03-31,963,0.5712,820,25,11,127,-0.0457478,0.01,-0.0154,0.038099999999999995,-0.013047799999999998
Barking and Dagenham,2020-06-30,1364,0.5975,1172,26,17,179,-0.06538588,0.010400000000000001,-0.023799999999999998,0.0537,-0.02508587999999999
Barking and Dagenham,2020-09-30,1243,0.6075,1038,54,38,159,-0.05791002,0.0216,-0.0532,0.04769999999999999,-0.04181002
Barking and Dagenham,2020-12-31,1246,0.59,1019,34,34,190,-0.05685001,0.013600000000000001,-0.047599999999999996,0.056999999999999995,-0.03385001
Barking and Dagenham,2021-03-31,1215,0.575,999,22,14,203,-0.05573421,0.0088,-0.0196,0.060899999999999996,-0.005634210000000001
Barking and Dagenham,2021-06-30,996,0.5575,832,31,8,154,-0.04641728,0.012400000000000001,-0.0112,0.0462,0.0009827199999999994
Barking and Dagenham,2021-09-30,967,0.5362,780,25,31,104,-0.0435162,0.01,-0.0434,0.0312,-0.04571619999999999
Barking and Dagenham,2021-12-31,970,0.5762,736,16,28,125,-0.04106144,0.0064,-0.0392,0.0375,-0.03636144
Barking and Dagenham,2022-03-31,938,0.5662,731,28,16,97,-0.04078249,0.0112,-0.0224,0.029099999999999997,-0.022882489999999995
Barking and Dagenham,2022-06-30,769,0.5612,536,29,23,97,-0.02990344,0.011600000000000001,-0.0322,0.029099999999999997,-0.02140344
Barking and Dagenham,2022-09-30,812,0.5638,577,22,37,106,-0.03219083,0.0088,-0.0518,0.031799999999999995,-0.04339082999999999
Barking and Dagenham,2022-12-31,801,0.5262,587,31,22,109,-0.03274873,0.012400000000000001,-0.0308,0.0327,-0.018448729999999997
Barking and Dagenham,2023-03-31,857,0.5187,560,33,30,110,-0.0312424,0.0132,-0.042,0.032999999999999995,-0.027042400000000008
Barking and Dagenham,2023-06-30,719,0.5162,507,21,12,79,-0.02828553,0.008400000000000001,-0.0168,0.0237,-0.012985529999999995
Barking and Dagenham,2023-09-30,705,0.5012,479,28,25,119,-0.02672341,0.0112,-0.034999999999999996,0.035699999999999996,-0.014823410000000002
Barking and Dagenham,2023-12-31,548,0.5012,354,25,11,90,-0.01974966,0.01,-0.0154,0.026999999999999996,0.001850339999999999
Barnet,2017-06-30,357,0.6862,248,23,19,79,-0.01383592,0.0092,-0.0266,0.0237,-0.0075359200000000015
Barnet,2017-09-30,403,0.6712,250,33,37,107,-0.0139475,0.0132,-0.0518,0.0321,-0.0204475
Barnet,2017-12-31,380,0.6587,258,34,29,87,-0.01439382,0.013600000000000001,-0.0406,0.026099999999999998,-0.01529382
Barnet,2018-03-31,543,0.6525,321,44,61,150,-0.01790859,0.0176,-0.0854,0.045,-0.04070859
Barnet,2018-06-30,541,0.645,340,39,32,159,-0.0189686,0.015600000000000001,-0.0448,0.04769999999999999,-0.0004686000000000065
Barnet,2018-09-30,767,0.6487,548,42,50,163,-0.03057292,0.016800000000000002,-0.06999999999999999,0.0489,-0.03487291999999999
Barnet,2018-12-31,1024,0.64,786,52,51,177,-0.04385094,0.020800000000000003,-0.0714,0.053099999999999994,-0.04135094
Barnet,2019-03-31,1196,0.6187,920,64,48,212,-0.0513268,0.0256,-0.0672,0.06359999999999999,-0.0293268
Barnet,2019-06-30,1088,0.6288,853,52,57,179,-0.04758887,0.020800000000000003,-0.0798,0.0537,-0.05288886999999999
Barnet,2019-09-30,1158,0.6262,955,34,51,156,-0.05327945,0.013600000000000001,-0.0714,0.046799999999999994,-0.06427945
Barnet,2019-12-31,987,0.645,841,39,16,122,-0.04691939,0.015600000000000001,-0.0224,0.036599999999999994,-0.017119389999999998
Barnet,2020-03-31,1229,0.6538,1032,40,25,174,-0.05757528,0.016,-0.034999999999999996,0.052199999999999996,-0.02437528
Barnet,2020-06-30,1268,0.6387,1057,46,45,167,-0.05897003,0.0184,-0.063,0.0501,-0.05347003000000001
Barnet,2020-09-30,1210,0.6437,1016,42,46,147,-0.05668264,0.016800000000000002,-0.0644,0.04409999999999999,-0.06018264
Barnet,2020-12-31,1182,0.6138,1005,36,30,139,-0.05606895,0.014400000000000001,-0.042,0.041699999999999994,-0.04196895
Barnet,2021-03-31,1045,0.5788,866,57,46,112,-0.04831414,0.0228,-0.0644,0.0336,-0.056314140000000006
Barnet,2021-06-30,1245,0.5825,1032,57,37,159,-0.05757528,0.0228,-0.0518,0.04769999999999999,-0.03887528000000001
Barnet,2021-09-30,1081,0.5675,830,43,44,116,-0.0463057,0.0172,-0.0616,0.0348,-0.0559057
Barnet,2021-12-31,1019,0.57,723,51,64,112,-0.04033617,0.0204,-0.0896,0.0336,-0.07593617
Barnet,2022-03-31,906,0.5575,654,46,45,110,-0.03648666,0.0184,-0.063,0.032999999999999995,-0.04808666000000001
Barnet,2022-06-30,985,0.53,679,36,67,122,-0.03788141,0.014400000000000001,-0.0938,0.036599999999999994,-0.08068141
Barnet,2022-09-30,802,0.5275,588,37,49,73,-0.03280452,0.0148,-0.0686,0.0219,-0.06470451999999999
Barnet,2022-12-31,808,0.535,600,37,47,70,-0.033474,0.0148,-0.0658,0.020999999999999998,-0.063474
Barnet,2023-03-31,746,0.5287,520,33,40,88,-0.0290108,0.0132,-0.056,0.026399999999999996,-0.045410800000000015
Barnet,2023-06-30,747,0.5163,506,43,34,88,-0.02822974,0.0172,-0.047599999999999996,0.026399999999999996,-0.03222974000000001
Barnet,2023-09-30,590,0.5125,411,22,20,80,-0.02292969,0.0088,-0.028,0.023999999999999997,-0.01812969
Barnet,2023-12-31,606,0.505,438,31,27,56,-0.02443602,0.012400000000000001,-0.0378,0.0168,-0.03303602
Bexley,2017-06-30,250,0.7362,175,22,20,49,-0.00976325,0.0088,-0.028,0.0147,-0.01426325
Bexley,2017-09-30,234,0.7113,175,22,10,43,-0.00976325,0.0088,-0.014,0.012899999999999998,-0.002063250000000001
Bexley,2017-12-31,213,0.7138,148,13,13,48,-0.00825692,0.005200000000000001,-0.0182,0.0144,-0.006856919999999999
Bexley,2018-03-31,309,0.7,203,21,31,70,-0.01132537,0.008400000000000001,-0.0434,0.020999999999999998,-0.02532537
Bexley,2018-06-30,334,0.68,217,22,25,81,-0.01210643,0.0088,-0.034999999999999996,0.0243,-0.014006429999999997
Bexley,2018-09-30,449,0.665,352,23,24,68,-0.01963808,0.0092,-0.0336,0.020399999999999998,-0.023638079999999995
Bexley,2018-12-31,674,0.6225,558,37,45,69,-0.03113082,0.0148,-0.063,0.0207,-0.05863082
Bexley,2019-03-31,695,0.595,605,29,27,59,-0.03375295,0.011600000000000001,-0.0378,0.017699999999999997,-0.04225295
Bexley,2019-06-30,715,0.6012,603,16,26,87,-0.03364137,0.0064,-0.0364,0.026099999999999998,-0.037541370000000004
Bexley,2019-09-30,703,0.6125,551,42,44,96,-0.03074029,0.016800000000000002,-0.0616,0.0288,-0.04674029
Bexley,2019-12-31,692,0.6138,585,36,22,65,-0.03263715,0.014400000000000001,-0.0308,0.0195,-0.029537149999999995
Bexley,2020-03-31,626,0.6275,527,28,29,55,-0.02940133,0.0112,-0.0406,0.016499999999999997,-0.04230133
Bexley,2020-06-30,919,0.6287,781,53,27,103,-0.04357199,0.0212,-0.0378,0.030899999999999997,-0.029271989999999998
Bexley,2020-09-30,953,0.625,779,45,28,141,-0.04346041,0.018000000000000002,-0.0392,0.0423,-0.022360410000000004
Bexley,2020-12-31,983,0.6625,800,47,27,129,-0.044632,0.0188,-0.0378,0.0387,-0.024931999999999996
Bexley,2021-03-31,939,0.6838,752,40,38,134,-0.04195408,0.016,-0.0532,0.0402,-0.03895407999999999
Bexley,2021-06-30,972,0.67,786,58,33,142,-0.04385094,0.023200000000000002,-0.0462,0.0426,-0.02425094
Bexley,2021-09-30,862,0.6475,637,39,40,103,-0.03553823,0.015600000000000001,-0.056,0.030899999999999997,-0.04503823
Bexley,2021-12-31,792,0.625,561,39,36,98,-0.03129819,0.015600000000000001,-0.0504,0.0294,-0.036698190000000006
Bexley,2022-03-31,809,0.585,577,29,23,109,-0.03219083,0.011600000000000001,-0.0322,0.0327,-0.020090829999999997
Bexley,2022-06-30,764,0.56,547,25,31,88,-0.03051713,0.01,-0.0434,0.026399999999999996,-0.03751713000000001
Bexley,2022-09-30,644,0.5488,451,24,14,79,-0.02516129,0.009600000000000001,-0.0196,0.0237,-0.011461289999999999
Bexley,2022-12-31,737,0.535,478,27,27,102,-0.02666762,0.0108,-0.0378,0.0306,-0.02306762
Bexley,2023-03-31,831,0.5288,540,45,41,94,-0.0301266,0.018000000000000002,-0.0574,0.028199999999999996,-0.0413266
Bexley,2023-06-30,730,0.5312,451,49,42,90,-0.02516129,0.0196,-0.0588,0.026999999999999996,-0.037361290000000005
Bexley,2023-09-30,728,0.5337,457,50,36,111,-0.02549603,0.02,-0.0504,0.033299999999999996,-0.022596030000000003
Bexley,2023-12-31,618,0.5325,409,28,28,86,-0.02281811,0.0112,-0.0392,0.025799999999999997,-0.025018110000000003
Brent,2017-06-30,418,0.6,289,10,17,113,-0.01612331,0.004,-0.023799999999999998,0.0339,-0.0020233100000000004
Brent,2017-09-30,685,0.5888,499,36,24,164,-0.02783921,0.014400000000000001,-0.0336,0.049199999999999994,0.0021607899999999958
Brent,2017-12-31,712,0.6038,500,25,44,162,-0.027895,0.01,-0.0616,0.0486,-0.030895000000000013
Brent,2018-03-31,950,0.62,624,39,41,283,-0.03481296,0.015600000000000001,-0.0574,0.08489999999999999,0.008287039999999996
Brent,2018-06-30,1252,0.5962,840,54,59,359,-0.0468636,0.0216,-0.08259999999999999,0.10769999999999999,-0.00016359999999999986
Brent,2018-09-30,1831,0.5712,1322,55,46,450,-0.07375438,0.022000000000000002,-0.0644,0.13499999999999998,0.018845619999999993
Brent,2018-12-31,1847,0.545,1424,65,63,369,-0.07944496,0.026000000000000002,-0.0882,0.11069999999999999,-0.030944959999999994
Brent,2019-03-31,1519,0.54,1255,48,52,225,-0.07001645,0.019200000000000002,-0.0728,0.06749999999999999,-0.05611645
Brent,2019-06-30,1544,0.5538,1241,43,42,265,-0.06923539,0.0172,-0.0588,0.07949999999999999,-0.031335390000000005
Brent,2019-09-30,1813,0.6087,1543,54,47,220,-0.08608397,0.0216,-0.0658,0.06599999999999999,-0.06428397000000001
Brent,2019-12-31,1292,0.6475,1085,33,39,183,-0.06053215,0.0132,-0.0546,0.0549,-0.04703215
Brent,2020-03-31,1324,0.6712,1094,36,41,179,-0.06103426,0.014400000000000001,-0.0574,0.0537,-0.05033425999999999
Brent,2020-06-30,2023,0.6762,1684,46,70,276,-0.09395036,0.0184,-0.098,0.0828,-0.09075036000000002
Brent,2020-09-30,2200,0.6462,1842,50,57,310,-0.10276518,0.02,-0.0798,0.09299999999999999,-0.06956517999999999
Brent,2020-12-31,1731,0.6287,1471,47,48,208,-0.08206709,0.0188,-0.0672,0.0624,-0.06806709000000001
Brent,2021-03-31,1765,0.5938,1466,47,59,231,-0.08178814,0.0188,-0.08259999999999999,0.0693,-0.07628813999999998
Brent,2021-06-30,1839,0.5938,1555,71,56,221,-0.08675345,0.0284,-0.0784,0.0663,-0.07045345
Brent,2021-09-30,1560,0.5962,1178,53,51,169,-0.06572062,0.0212,-0.0714,0.050699999999999995,-0.06522062
Brent,2021-12-31,1343,0.5825,939,63,53,140,-0.05238681,0.0252,-0.0742,0.041999999999999996,-0.05938681
Brent,2022-03-31,1369,0.5638,994,50,52,118,-0.05545526,0.02,-0.0728,0.035399999999999994,-0.07285526
Brent,2022-06-30,1330,0.5588,907,48,59,117,-0.05060153,0.019200000000000002,-0.08259999999999999,0.0351,-0.07890153
Brent,2022-09-30,1357,0.5475,973,58,71,125,-0.05428367,0.023200000000000002,-0.0994,0.0375,-0.09298366999999999
Brent,2022-12-31,1172,0.5462,816,55,102,98,-0.04552464,0.022000000000000002,-0.1428,0.0294,-0.13692464
Brent,2023-03-31,1138,0.58,752,41,42,105,-0.04195408,0.0164,-0.0588,0.0315,-0.05285408
Brent,2023-06-30,1110,0.5412,718,39,48,104,-0.04005722,0.015600000000000001,-0.0672,0.0312,-0.060457219999999985
Brent,2023-09-30,957,0.5312,662,45,56,88,-0.03693298,0.018000000000000002,-0.0784,0.026399999999999996,-0.07093297999999999
Brent,2023-12-31,732,0.5262,543,28,24,66,-0.03029397,0.0112,-0.0336,0.019799999999999998,-0.03289397
Bromley,2017-06-30,366,0.685,272,30,24,62,-0.01517488,0.012,-0.0336,0.0186,-0.018174879999999997
Bromley,2017-09-30,292,0.6512,209,18,14,64,-0.01166011,0.007200000000000001,-0.0196,0.0192,-0.004860110000000001
Bromley,2017-12-31,300,0.6388,203,19,16,73,-0.01132537,0.0076,-0.0224,0.0219,-0.004225369999999999
Bromley,2018-03-31,393,0.6375,290,18,19,83,-0.0161791,0.007200000000000001,-0.0266,0.0249,-0.010679099999999997
Bromley,2018-06-30,514,0.6088,358,27,38,113,-0.01997282,0.0108,-0.0532,0.0339,-0.028472819999999996
Bromley,2018-09-30,750,0.6125,554,42,29,156,-0.03090766,0.016800000000000002,-0.0406,0.046799999999999994,-0.007907659999999997
Bromley,2018-12-31,1083,0.62,873,24,31,177,-0.04870467,0.009600000000000001,-0.0434,0.053099999999999994,-0.029404670000000008
Bromley,2019-03-31,1221,0.6175,1025,41,42,168,-0.05718475,0.0164,-0.0588,0.05039999999999999,-0.049184750000000006
Bromley,2019-06-30,1198,0.6225,1011,40,36,161,-0.05640369,0.016,-0.0504,0.048299999999999996,-0.04250369
Bromley,2019-09-30,1299,0.6412,1035,64,64,203,-0.05774265,0.0256,-0.0896,0.060899999999999996,-0.06084265
Bromley,2019-12-31,1131,0.625,936,49,30,158,-0.05221944,0.0196,-0.042,0.0474,-0.02721944000000001
Bromley,2020-03-31,1118,0.6425,949,36,55,115,-0.05294471,0.014400000000000001,-0.077,0.034499999999999996,-0.08104470999999999
Bromley,2020-06-30,1177,0.6625,947,49,69,153,-0.05283313,0.0196,-0.0966,0.045899999999999996,-0.08393313000000002
Bromley,2020-09-30,1212,0.65,1021,46,37,147,-0.05696159,0.0184,-0.0518,0.04409999999999999,-0.04626159
Bromley,2020-12-31,1056,0.6662,893,63,40,96,-0.04982047,0.0252,-0.056,0.0288,-0.05182047
Bromley,2021-03-31,964,0.6462,801,36,34,121,-0.04468779,0.014400000000000001,-0.047599999999999996,0.0363,-0.041587789999999986
Bromley,2021-06-30,1022,0.6225,853,44,38,134,-0.04758887,0.0176,-0.0532,0.0402,-0.04298887
Bromley,2021-09-30,974,0.6038,763,33,33,113,-0.04256777,0.0132,-0.0462,0.0339,-0.04166776999999999
Bromley,2021-12-31,921,0.575,712,27,29,86,-0.03972248,0.0108,-0.0406,0.025799999999999997,-0.04372248
Bromley,2022-03-31,922,0.5638,714,34,31,71,-0.03983406,0.013600000000000001,-0.0434,0.0213,-0.04833406
Bromley,2022-06-30,1060,0.5512,762,65,59,119,-0.04251198,0.026000000000000002,-0.08259999999999999,0.035699999999999996,-0.06341197999999999
Bromley,2022-09-30,981,0.535,679,48,40,132,-0.03788141,0.019200000000000002,-0.056,0.039599999999999996,-0.03508141000000001
Bromley,2022-12-31,735,0.5237,526,25,37,66,-0.02934554,0.01,-0.0518,0.019799999999999998,-0.05134554000000001
Bromley,2023-03-31,801,0.5037,527,35,36,112,-0.02940133,0.014,-0.0504,0.0336,-0.03220133000000001
Bromley,2023-06-30,708,0.4912,521,24,21,69,-0.02906659,0.009600000000000001,-0.0294,0.0207,-0.028166590000000002
Bromley,2023-09-30,660,0.4775,442,31,25,82,-0.02465918,0.012400000000000001,-0.034999999999999996,0.024599999999999997,-0.02265918
Bromley,2023-12-31,636,0.4738,449,32,30,71,-0.02504971,0.0128,-0.042,0.0213,-0.03294971
Camden,2017-06-30,342,0.705,238,24,29,70,-0.01327802,0.009600000000000001,-0.0406,0.020999999999999998,-0.023278019999999996
Camden,2017-09-30,469,0.6688,323,26,24,121,-0.01802017,0.010400000000000001,-0.0336,0.0363,-0.0049201699999999945
Camden,2017-12-31,527,0.65,324,36,24,162,-0.01807596,0.014400000000000001,-0.0336,0.0486,0.01132404
Camden,2018-03-31,822,0.6362,538,53,67,203,-0.03001502,0.0212,-0.0938,0.060899999999999996,-0.041715020000000005
Camden,2018-06-30,795,0.6262,493,47,48,243,-0.02750447,0.0188,-0.0672,0.07289999999999999,-0.003004470000000009
Camden,2018-09-30,1098,0.6275,748,55,64,270,-0.04173092,0.022000000000000002,-0.0896,0.08099999999999999,-0.02833092000000001
Camden,2018-12-31,1338,0.6125,1076,56,65,200,-0.06003004,0.0224,-0.091,0.06,-0.06863004
Camden,2019-03-31,1400,0.61,1164,40,39,208,-0.06493956,0.016,-0.0546,0.0624,-0.041139560000000006
Camden,2019-06-30,1278,0.6038,1052,60,59,172,-0.05869108,0.024,-0.08259999999999999,0.05159999999999999,-0.06569108
Camden,2019-09-30,1489,0.5863,1256,65,87,161,-0.07007224,0.026000000000000002,-0.1218,0.048299999999999996,-0.11757224000000001
Camden,2019-12-31,1675,0.5938,1407,76,49,214,-0.07849653,0.0304,-0.0686,0.0642,-0.05249653
Camden,2020-03-31,1702,0.5525,1408,57,79,210,-0.07855232,0.0228,-0.1106,0.063,-0.10335232
Camden,2020-06-30,1795,0.5412,1471,93,99,246,-0.08206709,0.037200000000000004,-0.1386,0.07379999999999999,-0.10966709000000001
Camden,2020-09-30,1668,0.54,1371,85,75,209,-0.07648809,0.034,-0.105,0.06269999999999999,-0.08478809
Camden,2020-12-31,1652,0.53,1307,90,93,231,-0.07291753,0.036000000000000004,-0.1302,0.0693,-0.09781753000000001
Camden,2021-03-31,1477,0.55,1148,62,59,264,-0.06404692,0.024800000000000003,-0.08259999999999999,0.07919999999999999,-0.04264691999999999
Camden,2021-06-30,1289,0.5412,1050,55,43,185,-0.0585795,0.022000000000000002,-0.0602,0.055499999999999994,-0.0412795
Camden,2021-09-30,1152,0.5387,855,56,41,134,-0.04770045,0.0224,-0.0574,0.0402,-0.042500449999999995
Camden,2021-12-31,1096,0.5325,751,46,58,114,-0.04189829,0.0184,-0.0812,0.034199999999999994,-0.07049829
Camden,2022-03-31,1276,0.5037,859,58,81,115,-0.04792361,0.023200000000000002,-0.1134,0.034499999999999996,-0.10362361
Camden,2022-06-30,1223,0.4962,804,56,80,131,-0.04485516,0.0224,-0.112,0.039299999999999995,-0.09515515999999999
Camden,2022-09-30,1233,0.4888,847,70,87,98,-0.04725413,0.028,-0.1218,0.0294,-0.11165413
Camden,2022-12-31,1032,0.4613,708,60,64,74,-0.03949932,0.024,-0.0896,0.022199999999999998,-0.08289932
Camden,2023-03-31,1032,0.4688,707,62,53,92,-0.03944353,0.024800000000000003,-0.0742,0.027599999999999996,-0.061243530000000004
Camden,2023-06-30,983,0.4538,669,51,70,95,-0.03732351,0.0204,-0.098,0.028499999999999998,-0.08642351000000001
Camden,2023-09-30,982,0.46,622,85,69,107,-0.03470138,0.034,-0.0966,0.0321,-0.06520138
Camden,2023-12-31,850,0.4713,505,66,97,103,-0.02817395,0.0264,-0.1358,0.030899999999999997,-0.10667395
City of Westminster,2017-06-30,970,0.7062,609,64,42,293,-0.03397611,0.0256,-0.0588,0.08789999999999999,0.020723889999999995
City of Westminster,2017-09-30,1462,0.7062,925,92,72,439,-0.05160575,0.0368,-0.1008,0.13169999999999998,0.016094249999999977
City of Westminster,2017-12-31,1515,0.6762,970,72,59,470,-0.0541163,0.028800000000000003,-0.08259999999999999,0.141,0.033083699999999994
City of Westminster,2018-03-31,1496,0.6825,884,77,75,514,-0.04931836,0.0308,-0.105,0.15419999999999998,0.030681639999999982
City of Westminster,2018-06-30,1577,0.68,927,85,61,537,-0.05171733,0.034,-0.0854,0.1611,0.057982669999999986
City of Westminster,2018-09-30,1867,0.6625,1145,132,89,590,-0.06387955,0.0528,-0.1246,0.177,0.04132045000000001
City of Westminster,2018-12-31,2335,0.6825,1774,100,61,478,-0.09897146,0.04,-0.0854,0.1434,-0.0009714600000000073
City of Westminster,2019-03-31,2319,0.67,1856,99,53,412,-0.10354624,0.0396,-0.0742,0.12359999999999999,-0.014546239999999988
City of Westminster,2019-06-30,2869,0.6675,2361,106,65,446,-0.13172019,0.0424,-0.091,0.13379999999999997,-0.04652019000000002
City of Westminster,2019-09-30,3323,0.6875,2577,151,114,634,-0.14377083,0.0604,-0.1596,0.19019999999999998,-0.05277082999999999
City of Westminster,2019-12-31,3638,0.6812,2979,120,60,580,-0.16619841,0.048,-0.084,0.174,-0.028198410000000007
City of Westminster,2020-03-31,2317,0.655,1852,100,84,373,-0.10332308,0.04,-0.1176,0.11189999999999999,-0.06902308000000003
City of Westminster,2020-06-30,3035,0.6475,2265,122,119,619,-0.12636435,0.0488,-0.1666,0.18569999999999998,-0.05846435
City of Westminster,2020-09-30,3216,0.6163,2478,169,95,591,-0.13824762,0.06760000000000001,-0.133,0.17729999999999999,-0.02634761999999999
City of Westminster,2020-12-31,3041,0.6038,2387,120,89,564,-0.13317073,0.048,-0.1246,0.1692,-0.04057073
City of Westminster,2021-03-31,2710,0.6038,2088,109,120,492,-0.11648952,0.0436,-0.168,0.14759999999999998,-0.09328952000000004
City of Westminster,2021-06-30,2980,0.5838,2246,157,161,515,-0.12530434,0.06280000000000001,-0.2254,0.1545,-0.13340433999999998
City of Westminster,2021-09-30,3037,0.5762,2173,151,97,408,-0.12123167,0.0604,-0.1358,0.1224,-0.07423167000000001
City of Westminster,2021-12-31,2872,0.5538,1967,144,85,327,-0.10973893,0.057600000000000005,-0.119,0.09809999999999999,-0.07303893
City of Westminster,2022-03-31,2544,0.5262,1775,123,90,238,-0.09902725,0.0492,-0.126,0.07139999999999999,-0.10442725
City of Westminster,2022-06-30,2554,0.5237,1748,89,94,250,-0.09752092,0.0356,-0.1316,0.075,-0.11852091999999999
City of Westminster,2022-09-30,2955,0.52,1910,137,143,323,-0.1065589,0.0548,-0.2002,0.09689999999999999,-0.1550589
City of Westminster,2022-12-31,2672,0.5188,1857,91,116,277,-0.10360203,0.0364,-0.1624,0.0831,-0.14650203
City of Westminster,2023-03-31,2210,0.5512,1465,91,62,265,-0.08173235,0.0364,-0.0868,0.07949999999999999,-0.05263235000000002
City of Westminster,2023-06-30,2439,0.5538,1588,107,109,249,-0.08859452,0.042800000000000005,-0.15259999999999999,0.07469999999999999,-0.12369451999999997
City of Westminster,2023-09-30,2818,0.5712,1753,160,135,305,-0.09779987,0.064,-0.189,0.0915,-0.13129987
City of Westminster,2023-12-31,2636,0.58,1764,100,94,248,-0.09841356,0.04,-0.1316,0.0744,-0.11561356
Croydon,2017-06-30,607,0.6237,453,19,22,139,-0.02527287,0.0076,-0.0308,0.041699999999999994,-0.006772870000000007
Croydon,2017-09-30,712,0.6375,484,32,19,203,-0.02700236,0.0128,-0.0266,0.060899999999999996,0.02009764
Croydon,2017-12-31,618,0.6287,415,36,14,162,-0.02315285,0.014400000000000001,-0.0196,0.0486,0.02024715
Croydon,2018-03-31,941,0.59,575,32,30,341,-0.03207925,0.0128,-0.042,0.10229999999999999,0.04102074999999999
Croydon,2018-06-30,848,0.5825,586,33,18,235,-0.03269294,0.0132,-0.0252,0.0705,0.025807059999999993
Croydon,2018-09-30,1227,0.56,877,43,30,321,-0.04892783,0.0172,-0.042,0.0963,0.022572170000000003
Croydon,2018-12-31,1894,0.545,1541,54,32,326,-0.08597239,0.0216,-0.0448,0.0978,-0.01137239000000001
Croydon,2019-03-31,2177,0.5662,1792,70,68,321,-0.09997568,0.028,-0.09519999999999999,0.0963,-0.07087568
Croydon,2019-06-30,1873,0.5538,1552,47,32,315,-0.08658608,0.0188,-0.0448,0.09449999999999999,-0.018086080000000018
Croydon,2019-09-30,2115,0.5688,1756,76,48,323,-0.09796724,0.0304,-0.0672,0.09689999999999999,-0.037867240000000024
Croydon,2019-12-31,1983,0.575,1672,60,34,270,-0.09328088,0.024,-0.047599999999999996,0.08099999999999999,-0.035880880000000004
Croydon,2020-03-31,2118,0.5425,1850,55,22,248,-0.1032115,0.022000000000000002,-0.0308,0.0744,-0.03761149999999999
Croydon,2020-06-30,2246,0.545,1945,44,42,270,-0.10851155,0.0176,-0.0588,0.08099999999999999,-0.06871155000000001
Croydon,2020-09-30,2242,0.5275,1885,67,65,297,-0.10516415,0.0268,-0.091,0.0891,-0.08026414999999999
Croydon,2020-12-31,1982,0.5337,1659,69,42,280,-0.09255561,0.027600000000000003,-0.0588,0.08399999999999999,-0.03975561
Croydon,2021-03-31,2033,0.5875,1756,46,58,226,-0.09796724,0.0184,-0.0812,0.0678,-0.09296723999999998
Croydon,2021-06-30,1778,0.5575,1515,43,42,212,-0.08452185,0.0172,-0.0588,0.06359999999999999,-0.06252184999999999
Croydon,2021-09-30,1878,0.5462,1494,69,35,186,-0.08335026,0.027600000000000003,-0.049,0.055799999999999995,-0.04895026
Croydon,2021-12-31,1775,0.5312,1382,55,62,138,-0.07710178,0.022000000000000002,-0.0868,0.0414,-0.10050177999999999
Croydon,2022-03-31,1875,0.475,1445,50,62,149,-0.08061655,0.02,-0.0868,0.0447,-0.10271654999999999
Croydon,2022-06-30,1701,0.4812,1267,71,90,139,-0.07068593,0.0284,-0.126,0.041699999999999994,-0.12658593
Croydon,2022-09-30,1477,0.475,1093,43,67,156,-0.06097847,0.0172,-0.0938,0.046799999999999994,-0.09077847000000001
Croydon,2022-12-31,1164,0.4425,841,49,40,103,-0.04691939,0.0196,-0.056,0.030899999999999997,-0.052419389999999996
Croydon,2023-03-31,1325,0.4538,885,54,67,128,-0.04937415,0.0216,-0.0938,0.0384,-0.08317415
Croydon,2023-06-30,1309,0.4425,916,81,57,135,-0.05110364,0.0324,-0.0798,0.040499999999999994,-0.05800364000000001
Croydon,2023-09-30,1113,0.45,765,65,50,128,-0.04267935,0.026000000000000002,-0.06999999999999999,0.0384,-0.04827934999999999
Croydon,2023-12-31,1202,0.445,813,75,60,134,-0.04535727,0.030000000000000002,-0.084,0.0402,-0.05915727
Ealing,2017-06-30,379,0.665,241,26,31,98,-0.01344539,0.010400000000000001,-0.0434,0.0294,-0.017045390000000004
Ealing,2017-09-30,318,0.6713,211,18,10,96,-0.01177169,0.007200000000000001,-0.014,0.0288,0.010228310000000001
Ealing,2017-12-31,389,0.6712,235,20,30,121,-0.01311065,0.008,-0.042,0.0363,-0.010810650000000005
Ealing,2018-03-31,447,0.665,307,15,8,129,-0.01712753,0.006,-0.0112,0.0387,0.01637247
Ealing,2018-06-30,435,0.6675,280,21,18,134,-0.0156212,0.008400000000000001,-0.0252,0.0402,0.007778800000000002
Ealing,2018-09-30,948,0.665,755,27,27,170,-0.04212145,0.0108,-0.0378,0.051,-0.018121450000000004
Ealing,2018-12-31,1103,0.6312,933,32,9,168,-0.05205207,0.0128,-0.0126,0.05039999999999999,-0.0014520700000000067
Ealing,2019-03-31,1140,0.635,1001,15,15,134,-0.05584579,0.006,-0.021,0.0402,-0.030645790000000006
Ealing,2019-06-30,1147,0.6262,958,34,34,165,-0.05344682,0.013600000000000001,-0.047599999999999996,0.049499999999999995,-0.03794682
Ealing,2019-09-30,1297,0.6262,1143,31,28,141,-0.06376797,0.012400000000000001,-0.0392,0.0423,-0.04826797
Ealing,2019-12-31,983,0.6462,837,34,26,126,-0.04669623,0.013600000000000001,-0.0364,0.03779999999999999,-0.03169623
Ealing,2020-03-31,1205,0.6512,1043,43,30,147,-0.05818897,0.0172,-0.042,0.04409999999999999,-0.03888897
Ealing,2020-06-30,1551,0.6512,1318,38,31,222,-0.07353122,0.0152,-0.0434,0.06659999999999999,-0.035131220000000005
Ealing,2020-09-30,1277,0.6425,1067,53,43,156,-0.05952793,0.0212,-0.0602,0.046799999999999994,-0.05172792999999999
Ealing,2020-12-31,1460,0.6388,1221,54,46,190,-0.06811959,0.0216,-0.0644,0.056999999999999995,-0.05391958999999999
Ealing,2021-03-31,1416,0.5988,1230,45,36,144,-0.0686217,0.018000000000000002,-0.0504,0.043199999999999995,-0.0578217
Ealing,2021-06-30,1217,0.57,1054,57,77,86,-0.05880266,0.0228,-0.10779999999999999,0.025799999999999997,-0.11800266000000001
Ealing,2021-09-30,1077,0.5488,868,51,50,77,-0.04842572,0.0204,-0.06999999999999999,0.0231,-0.07492571999999999
Ealing,2021-12-31,1464,0.535,1038,45,61,119,-0.05791002,0.018000000000000002,-0.0854,0.035699999999999996,-0.08961002
Ealing,2022-03-31,1318,0.5287,963,40,46,121,-0.05372577,0.016,-0.0644,0.0363,-0.06582577
Ealing,2022-06-30,1172,0.5612,819,52,88,97,-0.04569201,0.020800000000000003,-0.1232,0.029099999999999997,-0.11899201
Ealing,2022-09-30,1172,0.575,834,41,72,97,-0.04652886,0.0164,-0.1008,0.029099999999999997,-0.10182886000000001
Ealing,2022-12-31,973,0.5662,655,49,65,89,-0.03654245,0.0196,-0.091,0.026699999999999998,-0.08124245
Ealing,2023-03-31,1103,0.5775,718,63,89,109,-0.04005722,0.0252,-0.1246,0.0327,-0.10675721999999999
Ealing,2023-06-30,1097,0.5575,727,53,76,117,-0.04055933,0.0212,-0.1064,0.0351,-0.09065933000000001
Ealing,2023-09-30,1064,0.5325,685,61,69,135,-0.03821615,0.0244,-0.0966,0.040499999999999994,-0.06991615000000001
Ealing,2023-12-31,916,0.53,543,60,57,130,-0.03029397,0.024,-0.0798,0.039,-0.04709396999999999
Enfield,2017-06-30,326,0.6025,237,20,17,67,-0.01322223,0.008,-0.023799999999999998,0.0201,-0.008922229999999996
Enfield,2017-09-30,366,0.6075,234,12,20,106,-0.01305486,0.0048000000000000004,-0.028,0.031799999999999995,-0.004454860000000005
Enfield,2017-12-31,434,0.5725,276,29,42,108,-0.01539804,0.011600000000000001,-0.0588,0.0324,-0.030198039999999995
Enfield,2018-03-31,457,0.5538,294,23,31,119,-0.01640226,0.0092,-0.0434,0.035699999999999996,-0.01490226
Enfield,2018-06-30,601,0.5562,406,28,29,170,-0.02265074,0.0112,-0.0406,0.051,-0.0010507400000000014
Enfield,2018-09-30,841,0.5263,653,43,49,132,-0.03643087,0.0172,-0.0686,0.039599999999999996,-0.048230869999999995
Enfield,2018-12-31,1065,0.52,897,34,58,120,-0.05004363,0.013600000000000001,-0.0812,0.036,-0.08164363
Enfield,2019-03-31,1149,0.5237,969,42,45,144,-0.05406051,0.016800000000000002,-0.063,0.043199999999999995,-0.05706051
Enfield,2019-06-30,1179,0.4888,989,43,62,150,-0.05517631,0.0172,-0.0868,0.045,-0.07977631
Enfield,2019-09-30,1027,0.4925,842,56,50,126,-0.04697518,0.0224,-0.06999999999999999,0.03779999999999999,-0.05677518
Enfield,2019-12-31,925,0.4987,745,41,60,126,-0.04156355,0.0164,-0.084,0.03779999999999999,-0.07136355
Enfield,2020-03-31,992,0.4862,846,27,40,106,-0.04719834,0.0108,-0.056,0.031799999999999995,-0.06059834
Enfield,2020-06-30,1429,0.5262,1236,41,58,138,-0.06895644,0.0164,-0.0812,0.0414,-0.09235643999999998
Enfield,2020-09-30,992,0.5488,816,41,65,106,-0.04552464,0.0164,-0.091,0.031799999999999995,-0.08832464
Enfield,2020-12-31,1040,0.5588,841,52,67,122,-0.04691939,0.020800000000000003,-0.0938,0.036599999999999994,-0.08331939
Enfield,2021-03-31,1064,0.5612,857,45,89,116,-0.04781203,0.018000000000000002,-0.1246,0.0348,-0.11961203000000001
Enfield,2021-06-30,1045,0.55,870,54,65,99,-0.0485373,0.0216,-0.091,0.029699999999999997,-0.08823729999999999
Enfield,2021-09-30,834,0.535,620,51,71,69,-0.0345898,0.0204,-0.0994,0.0207,-0.0928898
Enfield,2021-12-31,879,0.515,652,33,54,69,-0.03637508,0.0132,-0.0756,0.0207,-0.07807508
Enfield,2022-03-31,1339,0.5,1002,37,73,110,-0.05590158,0.0148,-0.1022,0.032999999999999995,-0.11030157999999998
Enfield,2022-06-30,1202,0.5062,881,49,79,76,-0.04915099,0.0196,-0.1106,0.022799999999999997,-0.11735099
Enfield,2022-09-30,1113,0.5062,843,34,75,76,-0.04703097,0.013600000000000001,-0.105,0.022799999999999997,-0.11563096999999999
Enfield,2022-12-31,922,0.5175,684,56,58,54,-0.03816036,0.0224,-0.0812,0.0162,-0.08076036
Enfield,2023-03-31,923,0.505,693,39,44,78,-0.03866247,0.015600000000000001,-0.0616,0.023399999999999997,-0.06126246999999999
Enfield,2023-06-30,938,0.4938,690,39,40,85,-0.0384951,0.015600000000000001,-0.056,0.0255,-0.0533951
Enfield,2023-09-30,749,0.4825,550,30,38,63,-0.0306845,0.012,-0.0532,0.018899999999999997,-0.05298449999999999
Enfield,2023-12-31,811,0.4738,604,47,51,56,-0.03369716,0.0188,-0.0714,0.0168,-0.06949716
Greenwich,2017-06-30,283,0.695,193,26,30,50,-0.01076747,0.010400000000000001,-0.042,0.015,-0.027367470000000005
Greenwich,2017-09-30,319,0.6688,225,25,11,81,-0.01255275,0.01,-0.0154,0.0243,0.006347249999999999
Greenwich,2017-12-31,417,0.6375,280,16,27,110,-0.0156212,0.0064,-0.0378,0.032999999999999995,-0.014021200000000004
Greenwich,2018-03-31,469,0.62,285,17,43,142,-0.01590015,0.0068000000000000005,-0.0602,0.0426,-0.026700149999999992
Greenwich,2018-06-30,562,0.6338,363,29,28,162,-0.02025177,0.011600000000000001,-0.0392,0.0486,0.0007482300000000025
Greenwich,2018-09-30,1001,0.62,678,40,59,254,-0.03782562,0.016,-0.08259999999999999,0.07619999999999999,-0.028225620000000007
Greenwich,2018-12-31,1202,0.6062,950,47,55,191,-0.0530005,0.0188,-0.077,0.0573,-0.0539005
Greenwich,2019-03-31,1262,0.5775,985,76,53,200,-0.05495315,0.0304,-0.0742,0.06,-0.03875315
Greenwich,2019-06-30,1139,0.56,907,34,36,189,-0.05060153,0.013600000000000001,-0.0504,0.05669999999999999,-0.03070153000000001
Greenwich,2019-09-30,1271,0.5663,1021,45,45,201,-0.05696159,0.018000000000000002,-0.063,0.06029999999999999,-0.04166159
Greenwich,2019-12-31,1085,0.5725,872,46,41,157,-0.04864888,0.0184,-0.0574,0.047099999999999996,-0.04054888
Greenwich,2020-03-31,1124,0.5775,900,43,37,178,-0.050211,0.0172,-0.0518,0.053399999999999996,-0.031411
Greenwich,2020-06-30,1663,0.5925,1431,52,38,193,-0.07983549,0.020800000000000003,-0.0532,0.05789999999999999,-0.05433549
Greenwich,2020-09-30,1282,0.5975,1087,67,62,120,-0.06064373,0.0268,-0.0868,0.036,-0.08464373
Greenwich,2020-12-31,1459,0.5788,1232,71,60,144,-0.06873328,0.0284,-0.084,0.043199999999999995,-0.08113328
Greenwich,2021-03-31,1370,0.59,1164,79,51,141,-0.06493956,0.0316,-0.0714,0.0423,-0.06243956
Greenwich,2021-06-30,1265,0.575,1083,54,45,116,-0.06042057,0.0216,-0.063,0.0348,-0.06702057
Greenwich,2021-09-30,1013,0.5612,752,50,57,95,-0.04195408,0.02,-0.0798,0.028499999999999998,-0.07325408
Greenwich,2021-12-31,1059,0.5375,756,30,33,74,-0.04217724,0.012,-0.0462,0.022199999999999998,-0.05417724
Greenwich,2022-03-31,1098,0.515,781,22,43,87,-0.04357199,0.0088,-0.0602,0.026099999999999998,-0.06887199
Greenwich,2022-06-30,1181,0.5012,815,43,42,87,-0.04546885,0.0172,-0.0588,0.026099999999999998,-0.060968850000000005
Greenwich,2022-09-30,1024,0.4988,665,44,55,105,-0.03710035,0.0176,-0.077,0.0315,-0.06500035
Greenwich,2022-12-31,1003,0.4888,585,35,70,101,-0.03263715,0.014,-0.098,0.030299999999999997,-0.08633715
Greenwich,2023-03-31,953,0.4925,585,57,47,85,-0.03263715,0.0228,-0.0658,0.0255,-0.05013714999999999
Greenwich,2023-06-30,869,0.4812,543,36,37,73,-0.03029397,0.014400000000000001,-0.0518,0.0219,-0.04579396999999999
Greenwich,2023-09-30,983,0.4625,604,53,64,111,-0.03369716,0.0212,-0.0896,0.033299999999999996,-0.06879716
Greenwich,2023-12-31,780,0.485,511,51,35,58,-0.02850869,0.0204,-0.049,0.0174,-0.039708690000000005
Hackney,2017-06-30,586,0.6625,383,34,32,174,-0.02136757,0.013600000000000001,-0.0448,0.052199999999999996,-0.0003675699999999976
Hackney,2017-09-30,707,0.595,489,11,16,192,-0.02728131,0.0044,-0.0224,0.0576,0.01231869
Hackney,2017-12-31,720,0.5688,492,34,26,194,-0.02744868,0.013600000000000001,-0.0364,0.058199999999999995,0.007951319999999991
Hackney,2018-03-31,864,0.54,580,45,30,247,-0.0323582,0.018000000000000002,-0.042,0.0741,0.017741800000000002
Hackney,2018-06-30,978,0.5462,632,29,24,335,-0.03525928,0.011600000000000001,-0.0336,0.10049999999999999,0.043240719999999996
Hackney,2018-09-30,1255,0.5612,858,22,35,366,-0.04786782,0.0088,-0.049,0.1098,0.021732180000000004
Hackney,2018-12-31,1740,0.5388,1434,50,48,278,-0.08000286,0.02,-0.0672,0.08339999999999999,-0.043802859999999985
Hackney,2019-03-31,1775,0.5162,1463,57,79,253,-0.08162077,0.0228,-0.1106,0.0759,-0.09352077
Hackney,2019-06-30,1551,0.4875,1319,43,47,215,-0.07358701,0.0172,-0.0658,0.06449999999999999,-0.05768701
Hackney,2019-09-30,1763,0.4575,1557,39,33,203,-0.08686503,0.015600000000000001,-0.0462,0.060899999999999996,-0.05656503
Hackney,2019-12-31,1695,0.4525,1447,63,59,187,-0.08072813,0.0252,-0.08259999999999999,0.0561,-0.08202812999999999
Hackney,2020-03-31,1576,0.4338,1390,40,68,143,-0.0775481,0.016,-0.09519999999999999,0.042899999999999994,-0.11384810000000001
Hackney,2020-06-30,1695,0.4675,1469,50,51,184,-0.08195551,0.02,-0.0714,0.05519999999999999,-0.07815551000000001
Hackney,2020-09-30,1821,0.4838,1529,45,74,235,-0.08530291,0.018000000000000002,-0.1036,0.0705,-0.10040291
Hackney,2020-12-31,1799,0.5038,1577,31,43,190,-0.08798083,0.012400000000000001,-0.0602,0.056999999999999995,-0.07878083
Hackney,2021-03-31,1900,0.5238,1611,37,54,255,-0.08987769,0.0148,-0.0756,0.0765,-0.07417769
Hackney,2021-06-30,1817,0.5125,1460,53,85,278,-0.0814534,0.0212,-0.119,0.08339999999999999,-0.09585340000000002
Hackney,2021-09-30,1633,0.5025,1190,50,91,219,-0.0663901,0.02,-0.12739999999999999,0.0657,-0.10809009999999998
Hackney,2021-12-31,1458,0.4925,1023,46,67,151,-0.05707317,0.0184,-0.0938,0.04529999999999999,-0.08717317000000001
Hackney,2022-03-31,1394,0.515,970,55,64,152,-0.0541163,0.022000000000000002,-0.0896,0.045599999999999995,-0.0761163
Hackney,2022-06-30,1758,0.5013,1178,55,66,202,-0.06572062,0.022000000000000002,-0.0924,0.060599999999999994,-0.07552061999999998
Hackney,2022-09-30,1533,0.5125,1085,44,54,150,-0.06053215,0.0176,-0.0756,0.045,-0.07353215
Hackney,2022-12-31,1363,0.4862,876,33,63,175,-0.04887204,0.0132,-0.0882,0.0525,-0.07137204
Hackney,2023-03-31,1386,0.4475,859,56,94,174,-0.04792361,0.0224,-0.1316,0.052199999999999996,-0.10492361
Hackney,2023-06-30,1454,0.4238,890,86,122,182,-0.0496531,0.0344,-0.1708,0.054599999999999996,-0.1314531
Hackney,2023-09-30,1544,0.4162,914,83,109,188,-0.05099206,0.0332,-0.15259999999999999,0.05639999999999999,-0.11399205999999999
Hackney,2023-12-31,1242,0.42,849,56,48,143,-0.04736571,0.0224,-0.0672,0.042899999999999994,-0.049265710000000004
Hammersmith and Fulham,2017-06-30,467,0.7125,307,13,24,130,-0.01712753,0.005200000000000001,-0.0336,0.039,-0.006527529999999997
Hammersmith and Fulham,2017-09-30,399,0.7125,252,31,32,107,-0.01405908,0.012400000000000001,-0.0448,0.0321,-0.014359080000000003
Hammersmith and Fulham,2017-12-31,484,0.7125,323,29,24,128,-0.01802017,0.011600000000000001,-0.0336,0.0384,-0.0016201699999999972
Hammersmith and Fulham,2018-03-31,665,0.6825,410,22,51,211,-0.0228739,0.0088,-0.0714,0.0633,-0.02217390000000001
Hammersmith and Fulham,2018-06-30,625,0.6562,344,40,45,213,-0.01919176,0.016,-0.063,0.0639,-0.002291760000000004
Hammersmith and Fulham,2018-09-30,896,0.6488,605,36,28,240,-0.03375295,0.014400000000000001,-0.0392,0.072,0.013447050000000002
Hammersmith and Fulham,2018-12-31,1166,0.6112,920,56,44,195,-0.0513268,0.0224,-0.0616,0.058499999999999996,-0.03202680000000001
Hammersmith and Fulham,2019-03-31,986,0.605,819,37,52,126,-0.04569201,0.0148,-0.0728,0.03779999999999999,-0.06589201
Hammersmith and Fulham,2019-06-30,1287,0.5888,1099,52,35,172,-0.06131321,0.020800000000000003,-0.049,0.05159999999999999,-0.03791321
Hammersmith and Fulham,2019-09-30,1191,0.5875,954,72,47,180,-0.05322366,0.028800000000000003,-0.0658,0.05399999999999999,-0.036223660000000005
Hammersmith and Fulham,2019-12-31,892,0.6162,693,61,59,112,-0.03866247,0.0244,-0.08259999999999999,0.0336,-0.06326246999999999
Hammersmith and Fulham,2020-03-31,809,0.6162,673,43,23,101,-0.03754667,0.0172,-0.0322,0.030299999999999997,-0.02224667
Hammersmith and Fulham,2020-06-30,1412,0.6288,1172,72,60,163,-0.06538588,0.028800000000000003,-0.084,0.0489,-0.07168588
Hammersmith and Fulham,2020-09-30,971,0.62,796,56,46,116,-0.04440884,0.0224,-0.0644,0.0348,-0.05160884
Hammersmith and Fulham,2020-12-31,1151,0.6075,913,48,28,195,-0.05093627,0.019200000000000002,-0.0392,0.058499999999999996,-0.01243627
Hammersmith and Fulham,2021-03-31,1189,0.5888,932,58,70,180,-0.05199628,0.023200000000000002,-0.098,0.05399999999999999,-0.07279628000000002
Hammersmith and Fulham,2021-06-30,1221,0.6,887,55,83,259,-0.04948573,0.022000000000000002,-0.1162,0.07769999999999999,-0.06598572999999999
Hammersmith and Fulham,2021-09-30,1067,0.5875,754,33,49,152,-0.04206566,0.0132,-0.0686,0.045599999999999995,-0.05186566
Hammersmith and Fulham,2021-12-31,964,0.585,656,43,40,149,-0.03659824,0.0172,-0.056,0.0447,-0.03069824000000001
Hammersmith and Fulham,2022-03-31,854,0.5575,588,32,38,132,-0.03280452,0.0128,-0.0532,0.039599999999999996,-0.03360452
Hammersmith and Fulham,2022-06-30,844,0.5488,538,52,47,116,-0.03001502,0.020800000000000003,-0.0658,0.0348,-0.04021501999999999
Hammersmith and Fulham,2022-09-30,828,0.5387,530,44,42,121,-0.0295687,0.0176,-0.0588,0.0363,-0.03446869999999999
Hammersmith and Fulham,2022-12-31,787,0.4962,513,30,43,119,-0.02862027,0.012,-0.0602,0.035699999999999996,-0.04112027
Hammersmith and Fulham,2023-03-31,944,0.515,585,45,71,123,-0.03263715,0.018000000000000002,-0.0994,0.036899999999999995,-0.07713715000000002
Hammersmith and Fulham,2023-06-30,904,0.4912,601,43,57,107,-0.03352979,0.0172,-0.0798,0.0321,-0.06402979
Hammersmith and Fulham,2023-09-30,929,0.4937,576,72,90,128,-0.03213504,0.028800000000000003,-0.126,0.0384,-0.09093504
Hammersmith and Fulham,2023-12-31,926,0.5175,580,72,66,145,-0.0323582,0.028800000000000003,-0.0924,0.0435,-0.052458199999999996
Haringey,2017-06-30,401,0.65,265,10,15,125,-0.01478435,0.004,-0.021,0.0375,0.005715649999999996
Haringey,2017-09-30,519,0.6325,364,24,15,135,-0.02030756,0.009600000000000001,-0.021,0.040499999999999994,0.008792439999999999
Haringey,2017-12-31,492,0.58,349,15,32,110,-0.01947071,0.006,-0.0448,0.032999999999999995,-0.025270710000000002
Haringey,2018-03-31,766,0.555,511,22,45,221,-0.02850869,0.0088,-0.063,0.0663,-0.016408690000000004
Haringey,2018-06-30,978,0.545,644,31,46,299,-0.03592876,0.012400000000000001,-0.0644,0.08969999999999999,0.0017712399999999934
Haringey,2018-09-30,1167,0.5275,790,29,38,331,-0.0440741,0.011600000000000001,-0.0532,0.09929999999999999,0.013625899999999982
Haringey,2018-12-31,1213,0.5438,971,46,26,213,-0.05417209,0.0184,-0.0364,0.0639,-0.008272089999999996
Haringey,2019-03-31,1647,0.55,1397,45,39,215,-0.07793863,0.018000000000000002,-0.0546,0.06449999999999999,-0.050038630000000014
Haringey,2019-06-30,1506,0.55,1261,37,42,227,-0.07035119,0.0148,-0.0588,0.0681,-0.04625119
Haringey,2019-09-30,1246,0.55,1003,30,41,215,-0.05595737,0.012,-0.0574,0.06449999999999999,-0.036857370000000014
Haringey,2019-12-31,1381,0.5125,1118,36,37,220,-0.06237322,0.014400000000000001,-0.0518,0.06599999999999999,-0.03377322000000001
Haringey,2020-03-31,1500,0.4988,1302,27,19,192,-0.07263858,0.0108,-0.0266,0.0576,-0.03083857999999999
Haringey,2020-06-30,1946,0.5188,1621,50,62,277,-0.09043559,0.02,-0.0868,0.0831,-0.07413558999999999
Haringey,2020-09-30,1277,0.53,1030,61,67,180,-0.0574637,0.0244,-0.0938,0.05399999999999999,-0.0728637
Haringey,2020-12-31,1424,0.5575,1137,54,64,218,-0.06343323,0.0216,-0.0896,0.0654,-0.06603322999999998
Haringey,2021-03-31,1338,0.5812,1060,50,65,217,-0.0591374,0.02,-0.091,0.06509999999999999,-0.06503740000000002
Haringey,2021-06-30,1131,0.5625,919,35,66,140,-0.05127101,0.014,-0.0924,0.041999999999999996,-0.08767101000000001
Haringey,2021-09-30,1021,0.55,753,37,49,129,-0.04200987,0.0148,-0.0686,0.0387,-0.05710986999999999
Haringey,2021-12-31,894,0.5112,615,28,45,100,-0.03431085,0.0112,-0.063,0.03,-0.05611084999999999
Haringey,2022-03-31,967,0.495,702,30,50,96,-0.03916458,0.012,-0.06999999999999999,0.0288,-0.06836457999999998
Haringey,2022-06-30,1074,0.4925,763,26,51,102,-0.04256777,0.010400000000000001,-0.0714,0.0306,-0.07296777
Haringey,2022-09-30,1123,0.4838,809,44,42,129,-0.04513411,0.0176,-0.0588,0.0387,-0.04763410999999999
Haringey,2022-12-31,1013,0.5012,754,25,37,78,-0.04206566,0.01,-0.0518,0.023399999999999997,-0.06046566
Haringey,2023-03-31,1309,0.4825,915,42,52,140,-0.05104785,0.016800000000000002,-0.0728,0.041999999999999996,-0.06504785
Haringey,2023-06-30,950,0.4625,652,47,58,90,-0.03637508,0.0188,-0.0812,0.026999999999999996,-0.07177507999999999
Haringey,2023-09-30,1222,0.4462,854,49,49,148,-0.04764466,0.0196,-0.0686,0.044399999999999995,-0.05224466
Haringey,2023-12-31,931,0.445,619,46,59,105,-0.03453401,0.0184,-0.08259999999999999,0.0315,-0.06723400999999998
Harrow,2017-06-30,220,0.6425,150,12,3,63,-0.0083685,0.0048000000000000004,-0.0042,0.018899999999999997,0.011131499999999999
Harrow,2017-09-30,234,0.6175,152,14,12,62,-0.00848008,0.0056,-0.0168,0.0186,-0.0010800800000000006
Harrow,2017-12-31,195,0.5837,126,15,8,56,-0.00702954,0.006,-0.0112,0.0168,0.004570459999999998
Harrow,2018-03-31,236,0.5888,161,9,9,61,-0.00898219,0.0036000000000000003,-0.0126,0.018299999999999997,0.00031780999999999823
Harrow,2018-06-30,339,0.5738,235,9,24,78,-0.01311065,0.0036000000000000003,-0.0336,0.023399999999999997,-0.019710650000000003
Harrow,2018-09-30,596,0.5688,441,16,29,127,-0.02460339,0.0064,-0.0406,0.038099999999999995,-0.020703390000000002
Harrow,2018-12-31,597,0.5812,495,10,13,89,-0.02761605,0.004,-0.0182,0.026699999999999998,-0.015116050000000002
Harrow,2019-03-31,561,0.5875,502,9,10,51,-0.02800658,0.0036000000000000003,-0.014,0.0153,-0.02310658
Harrow,2019-06-30,598,0.5888,526,18,20,50,-0.02934554,0.007200000000000001,-0.028,0.015,-0.03514554
Harrow,2019-09-30,654,0.6063,566,34,20,77,-0.03157714,0.013600000000000001,-0.028,0.0231,-0.02287714
Harrow,2019-12-31,464,0.6225,414,9,13,46,-0.02309706,0.0036000000000000003,-0.0182,0.013799999999999998,-0.023897060000000005
Harrow,2020-03-31,601,0.625,524,6,9,70,-0.02923396,0.0024000000000000002,-0.0126,0.020999999999999998,-0.018433960000000006
Harrow,2020-06-30,783,0.635,682,16,33,73,-0.03804878,0.0064,-0.0462,0.0219,-0.05594877999999999
Harrow,2020-09-30,734,0.6388,627,34,23,78,-0.03498033,0.013600000000000001,-0.0322,0.023399999999999997,-0.03018033
Harrow,2020-12-31,798,0.635,709,16,14,80,-0.03955511,0.0064,-0.0196,0.023999999999999997,-0.028755109999999997
Harrow,2021-03-31,725,0.615,600,45,28,88,-0.033474,0.018000000000000002,-0.0392,0.026399999999999996,-0.028273999999999997
Harrow,2021-06-30,772,0.6088,631,26,49,88,-0.03520349,0.010400000000000001,-0.0686,0.026399999999999996,-0.06700349
Harrow,2021-09-30,654,0.5925,496,22,36,47,-0.02767184,0.0088,-0.0504,0.014099999999999998,-0.05517184
Harrow,2021-12-31,543,0.5762,374,18,38,49,-0.02086546,0.007200000000000001,-0.0532,0.0147,-0.05216545999999999
Harrow,2022-03-31,445,0.5588,316,23,29,38,-0.01762964,0.0092,-0.0406,0.011399999999999999,-0.03762964
Harrow,2022-06-30,549,0.5612,406,23,40,29,-0.02265074,0.0092,-0.056,0.0087,-0.06075074
Harrow,2022-09-30,499,0.5875,347,30,30,50,-0.01935913,0.012,-0.042,0.015,-0.03435913
Harrow,2022-12-31,568,0.6,388,33,48,42,-0.02164652,0.0132,-0.0672,0.012599999999999998,-0.06304652
Harrow,2023-03-31,517,0.6362,353,28,26,58,-0.01969387,0.0112,-0.0364,0.0174,-0.027493870000000004
Harrow,2023-06-30,520,0.6275,354,28,38,60,-0.01974966,0.0112,-0.0532,0.018,-0.043749659999999996
Harrow,2023-09-30,422,0.6075,282,23,30,35,-0.01573278,0.0092,-0.042,0.010499999999999999,-0.03803278
Harrow,2023-12-31,415,0.5938,289,20,25,23,-0.01612331,0.008,-0.034999999999999996,0.006899999999999999,-0.03622331
Havering,2017-06-30,187,0.725,125,10,11,47,-0.00697375,0.004,-0.0154,0.014099999999999998,-0.004273750000000003
Havering,2017-09-30,380,0.6925,243,17,17,116,-0.01355697,0.0068000000000000005,-0.023799999999999998,0.0348,0.004243030000000002
Havering,2017-12-31,571,0.6562,338,26,23,200,-0.01885702,0.010400000000000001,-0.0322,0.06,0.019342980000000003
Havering,2018-03-31,597,0.6312,324,20,16,253,-0.01807596,0.008,-0.0224,0.0759,0.04342404
Havering,2018-06-30,610,0.6038,363,36,20,216,-0.02025177,0.014400000000000001,-0.028,0.0648,0.03094823
Havering,2018-09-30,793,0.5925,534,29,16,236,-0.02979186,0.011600000000000001,-0.0224,0.07079999999999999,0.030208139999999994
Havering,2018-12-31,1033,0.5863,803,49,19,203,-0.04479937,0.0196,-0.0266,0.060899999999999996,0.009100629999999998
Havering,2019-03-31,1066,0.5762,820,44,21,243,-0.0457478,0.0176,-0.0294,0.07289999999999999,0.015352199999999996
Havering,2019-06-30,989,0.58,779,46,25,180,-0.04346041,0.0184,-0.034999999999999996,0.05399999999999999,-0.006060410000000002
Havering,2019-09-30,983,0.5812,798,34,33,148,-0.04452042,0.013600000000000001,-0.0462,0.044399999999999995,-0.03272042
Havering,2019-12-31,1057,0.6,824,60,25,202,-0.04597096,0.024,-0.034999999999999996,0.060599999999999994,0.00362904
Havering,2020-03-31,1070,0.5988,849,58,48,172,-0.04736571,0.023200000000000002,-0.0672,0.05159999999999999,-0.039765709999999996
Havering,2020-06-30,1134,0.6087,907,56,49,181,-0.05060153,0.0224,-0.0686,0.054299999999999994,-0.04250153
Havering,2020-09-30,1016,0.6275,779,65,48,176,-0.04346041,0.026000000000000002,-0.0672,0.05279999999999999,-0.03186041
Havering,2020-12-31,1002,0.6325,794,43,58,144,-0.04429726,0.0172,-0.0812,0.043199999999999995,-0.06509725999999999
Havering,2021-03-31,1020,0.6362,786,59,74,135,-0.04385094,0.0236,-0.1036,0.040499999999999994,-0.08335094
Havering,2021-06-30,1012,0.61,769,70,52,159,-0.04290251,0.028,-0.0728,0.04769999999999999,-0.040002510000000005
Havering,2021-09-30,909,0.615,649,53,47,127,-0.03620771,0.0212,-0.0658,0.038099999999999995,-0.042707709999999996
Havering,2021-12-31,856,0.5863,597,40,40,112,-0.03330663,0.016,-0.056,0.0336,-0.03970663
Havering,2022-03-31,782,0.5688,542,44,37,71,-0.03023818,0.0176,-0.0518,0.0213,-0.04313818
Havering,2022-06-30,858,0.5712,544,68,63,141,-0.03034976,0.027200000000000002,-0.0882,0.0423,-0.049049760000000005
Havering,2022-09-30,881,0.5562,591,52,53,119,-0.03297189,0.020800000000000003,-0.0742,0.035699999999999996,-0.05067189
Havering,2022-12-31,877,0.5562,561,65,36,134,-0.03129819,0.026000000000000002,-0.0504,0.0402,-0.015498189999999995
Havering,2023-03-31,835,0.5475,500,37,44,113,-0.027895,0.0148,-0.0616,0.0339,-0.040795
Havering,2023-06-30,803,0.5375,526,38,32,103,-0.02934554,0.0152,-0.0448,0.030899999999999997,-0.02804554
Havering,2023-09-30,809,0.53,506,61,60,106,-0.02822974,0.0244,-0.084,0.031799999999999995,-0.05602974000000001
Havering,2023-12-31,746,0.5112,517,49,22,92,-0.02884343,0.0196,-0.0308,0.027599999999999996,-0.012443430000000009
Hillingdon,2017-06-30,439,0.6475,330,26,30,75,-0.0184107,0.010400000000000001,-0.042,0.0225,-0.0275107
Hillingdon,2017-09-30,416,0.665,291,28,26,94,-0.01623489,0.0112,-0.0364,0.028199999999999996,-0.013234890000000006
Hillingdon,2017-12-31,550,0.6575,366,32,28,147,-0.02041914,0.0128,-0.0392,0.04409999999999999,-0.002719140000000002
Hillingdon,2018-03-31,507,0.6412,351,24,31,128,-0.01958229,0.009600000000000001,-0.0434,0.0384,-0.014982290000000002
Hillingdon,2018-06-30,561,0.6325,351,25,44,161,-0.01958229,0.01,-0.0616,0.048299999999999996,-0.02288229
Hillingdon,2018-09-30,822,0.6062,571,29,35,215,-0.03185609,0.011600000000000001,-0.049,0.06449999999999999,-0.0047560900000000045
Hillingdon,2018-12-31,1072,0.5925,863,32,65,147,-0.04814677,0.0128,-0.091,0.04409999999999999,-0.08224677
Hillingdon,2019-03-31,974,0.5838,838,29,33,112,-0.04675202,0.011600000000000001,-0.0462,0.0336,-0.04775202
Hillingdon,2019-06-30,942,0.5788,812,36,38,96,-0.04530148,0.014400000000000001,-0.0532,0.0288,-0.05530147999999999
Hillingdon,2019-09-30,953,0.5938,845,26,36,78,-0.04714255,0.010400000000000001,-0.0504,0.023399999999999997,-0.06374255000000001
Hillingdon,2019-12-31,765,0.585,655,28,29,82,-0.03654245,0.0112,-0.0406,0.024599999999999997,-0.04134244999999999
Hillingdon,2020-03-31,923,0.5562,786,46,53,80,-0.04385094,0.0184,-0.0742,0.023999999999999997,-0.07565094
Hillingdon,2020-06-30,1195,0.5762,1045,55,40,120,-0.05830055,0.022000000000000002,-0.056,0.036,-0.05630055000000001
Hillingdon,2020-09-30,1117,0.5712,916,43,65,135,-0.05110364,0.0172,-0.091,0.040499999999999994,-0.08440364
Hillingdon,2020-12-31,1135,0.61,955,44,44,129,-0.05327945,0.0176,-0.0616,0.0387,-0.058579450000000005
Hillingdon,2021-03-31,1114,0.645,899,53,71,138,-0.05015521,0.0212,-0.0994,0.0414,-0.08695521
Hillingdon,2021-06-30,973,0.6337,824,37,43,93,-0.04597096,0.0148,-0.0602,0.027899999999999998,-0.06347096
Hillingdon,2021-09-30,890,0.6275,657,51,55,96,-0.03665403,0.0204,-0.077,0.0288,-0.06445403
Hillingdon,2021-12-31,1055,0.6025,764,37,50,99,-0.04262356,0.0148,-0.06999999999999999,0.029699999999999997,-0.06812356
Hillingdon,2022-03-31,972,0.5962,660,38,60,76,-0.0368214,0.0152,-0.084,0.022799999999999997,-0.0828214
Hillingdon,2022-06-30,984,0.595,641,49,66,88,-0.03576139,0.0196,-0.0924,0.026399999999999996,-0.08216139
Hillingdon,2022-09-30,904,0.6287,651,39,73,82,-0.03631929,0.015600000000000001,-0.1022,0.024599999999999997,-0.09831928999999999
Hillingdon,2022-12-31,748,0.6362,523,47,50,58,-0.02917817,0.0188,-0.06999999999999999,0.0174,-0.06297817
Hillingdon,2023-03-31,762,0.6475,523,51,57,73,-0.02917817,0.0204,-0.0798,0.0219,-0.06667817
Hillingdon,2023-06-30,719,0.6325,492,35,50,56,-0.02744868,0.014,-0.06999999999999999,0.0168,-0.06664868
Hillingdon,2023-09-30,679,0.5913,420,48,57,57,-0.0234318,0.019200000000000002,-0.0798,0.017099999999999997,-0.06693179999999999
Hillingdon,2023-12-31,690,0.58,447,72,61,62,-0.02493813,0.028800000000000003,-0.0854,0.0186,-0.06293813000000001
Hounslow,2017-06-30,276,0.685,196,17,16,60,-0.01093484,0.0068000000000000005,-0.0224,0.018,-0.008534839999999998
Hounslow,2017-09-30,364,0.6812,246,23,16,93,-0.01372434,0.0092,-0.0224,0.027899999999999998,0.0009756599999999997
Hounslow,2017-12-31,369,0.675,238,25,37,83,-0.01327802,0.01,-0.0518,0.0249,-0.03017802
Hounslow,2018-03-31,494,0.6612,308,36,23,157,-0.01718332,0.014400000000000001,-0.0322,0.047099999999999996,0.012116679999999998
Hounslow,2018-06-30,511,0.64,332,26,26,150,-0.01852228,0.010400000000000001,-0.0364,0.045,0.0004777200000000009
Hounslow,2018-09-30,792,0.63,555,33,51,176,-0.03096345,0.0132,-0.0714,0.05279999999999999,-0.03636345000000001
Hounslow,2018-12-31,1037,0.6375,823,42,38,170,-0.04591517,0.016800000000000002,-0.0532,0.051,-0.031315169999999996
Hounslow,2019-03-31,979,0.6212,838,29,23,123,-0.04675202,0.011600000000000001,-0.0322,0.036899999999999995,-0.030452020000000003
Hounslow,2019-06-30,1063,0.6175,895,31,44,121,-0.04993205,0.012400000000000001,-0.0616,0.0363,-0.06283205
Hounslow,2019-09-30,1094,0.6362,961,24,23,115,-0.05361419,0.009600000000000001,-0.0322,0.034499999999999996,-0.04171418999999999
Hounslow,2019-12-31,991,0.6337,836,36,35,105,-0.04664044,0.014400000000000001,-0.049,0.0315,-0.04974044
Hounslow,2020-03-31,945,0.6487,801,38,41,99,-0.04468779,0.0152,-0.0574,0.029699999999999997,-0.057187789999999995
Hounslow,2020-06-30,1192,0.66,1059,51,24,94,-0.05908161,0.0204,-0.0336,0.028199999999999996,-0.04408161
Hounslow,2020-09-30,1069,0.64,914,45,44,105,-0.05099206,0.018000000000000002,-0.0616,0.0315,-0.06309206
Hounslow,2020-12-31,1042,0.625,950,34,21,65,-0.0530005,0.013600000000000001,-0.0294,0.0195,-0.0493005
Hounslow,2021-03-31,1056,0.6213,890,33,53,110,-0.0496531,0.0132,-0.0742,0.032999999999999995,-0.0776531
Hounslow,2021-06-30,1012,0.6163,887,32,44,86,-0.04948573,0.0128,-0.0616,0.025799999999999997,-0.07248573
Hounslow,2021-09-30,1028,0.605,800,34,50,77,-0.044632,0.013600000000000001,-0.06999999999999999,0.0231,-0.07793199999999999
Hounslow,2021-12-31,1048,0.5888,795,46,51,69,-0.04435305,0.0184,-0.0714,0.0207,-0.07665305
Hounslow,2022-03-31,928,0.5738,651,31,36,77,-0.03631929,0.012400000000000001,-0.0504,0.0231,-0.05121929
Hounslow,2022-06-30,1141,0.5588,787,38,62,95,-0.04390673,0.0152,-0.0868,0.028499999999999998,-0.08700673
Hounslow,2022-09-30,963,0.5612,669,59,80,54,-0.03732351,0.0236,-0.112,0.0162,-0.10952351000000002
Hounslow,2022-12-31,883,0.5563,634,48,57,49,-0.03537086,0.019200000000000002,-0.0798,0.0147,-0.08127085999999999
Hounslow,2023-03-31,996,0.5538,652,53,69,92,-0.03637508,0.0212,-0.0966,0.027599999999999996,-0.08417508
Hounslow,2023-06-30,937,0.5438,600,46,88,83,-0.033474,0.0184,-0.1232,0.0249,-0.113374
Hounslow,2023-09-30,938,0.5287,603,77,73,83,-0.03364137,0.0308,-0.1022,0.0249,-0.08014136999999999
Hounslow,2023-12-31,779,0.5238,530,48,66,59,-0.0295687,0.019200000000000002,-0.0924,0.017699999999999997,-0.0850687
Islington,2017-06-30,297,0.665,201,22,15,75,-0.01121379,0.0088,-0.021,0.0225,-0.0009137900000000011
Islington,2017-09-30,404,0.6525,267,17,29,108,-0.01489593,0.0068000000000000005,-0.0406,0.0324,-0.01629593
Islington,2017-12-31,509,0.6288,337,28,20,144,-0.01880123,0.0112,-0.028,0.043199999999999995,0.007598769999999998
Islington,2018-03-31,612,0.6063,417,21,26,171,-0.02326443,0.008400000000000001,-0.0364,0.0513,3.556999999999866e-05
Islington,2018-06-30,776,0.6088,498,51,37,218,-0.02778342,0.0204,-0.0518,0.0654,0.006216579999999999
Islington,2018-09-30,1035,0.5825,734,31,44,245,-0.04094986,0.012400000000000001,-0.0616,0.0735,-0.016649860000000002
Islington,2018-12-31,1280,0.5662,1026,56,40,215,-0.05724054,0.0224,-0.056,0.06449999999999999,-0.02634054000000001
Islington,2019-03-31,1283,0.5425,1057,51,39,190,-0.05897003,0.0204,-0.0546,0.056999999999999995,-0.036170030000000006
Islington,2019-06-30,1218,0.5088,1016,57,67,139,-0.05668264,0.0228,-0.0938,0.041699999999999994,-0.08598264
Islington,2019-09-30,1382,0.5112,1157,48,51,190,-0.06454903,0.019200000000000002,-0.0714,0.056999999999999995,-0.05974903000000001
Islington,2019-12-31,1454,0.4875,1234,42,26,190,-0.06884486,0.016800000000000002,-0.0364,0.056999999999999995,-0.03144485999999999
Islington,2020-03-31,1395,0.4938,1148,41,74,197,-0.06404692,0.0164,-0.1036,0.05909999999999999,-0.09214692000000002
Islington,2020-06-30,1489,0.5325,1249,63,40,194,-0.06968171,0.0252,-0.056,0.058199999999999995,-0.04228171000000001
Islington,2020-09-30,1204,0.5362,973,49,49,162,-0.05428367,0.0196,-0.0686,0.0486,-0.05468367
Islington,2020-12-31,1105,0.5688,962,28,28,109,-0.05366998,0.0112,-0.0392,0.0327,-0.04896998
Islington,2021-03-31,1099,0.5838,898,47,68,136,-0.05009942,0.0188,-0.09519999999999999,0.040799999999999996,-0.08569941999999997
Islington,2021-06-30,1249,0.54,1022,45,39,178,-0.05701738,0.018000000000000002,-0.0546,0.053399999999999996,-0.040217380000000004
Islington,2021-09-30,1243,0.535,903,69,49,145,-0.05037837,0.027600000000000003,-0.0686,0.0435,-0.04787836999999999
Islington,2021-12-31,1186,0.5263,880,50,46,112,-0.0490952,0.02,-0.0644,0.0336,-0.0598952
Islington,2022-03-31,1278,0.4825,929,59,74,123,-0.05182891,0.0236,-0.1036,0.036899999999999995,-0.09492891
Islington,2022-06-30,1294,0.4975,966,41,45,116,-0.05389314,0.0164,-0.063,0.0348,-0.06569314
Islington,2022-09-30,1243,0.4725,875,58,71,138,-0.04881625,0.023200000000000002,-0.0994,0.0414,-0.08361625
Islington,2022-12-31,1113,0.45,801,58,56,92,-0.04468779,0.023200000000000002,-0.0784,0.027599999999999996,-0.07228778999999999
Islington,2023-03-31,1162,0.4588,786,51,61,100,-0.04385094,0.0204,-0.0854,0.03,-0.07885094000000001
Islington,2023-06-30,1045,0.4388,743,35,49,100,-0.04145197,0.014,-0.0686,0.03,-0.06605196999999999
Islington,2023-09-30,1145,0.4412,777,39,49,110,-0.04334883,0.015600000000000001,-0.0686,0.032999999999999995,-0.06334883
Islington,2023-12-31,826,0.445,569,34,44,90,-0.03174451,0.013600000000000001,-0.0616,0.026999999999999996,-0.052744509999999994
Kensington and Chelsea,2017-06-30,440,0.7425,276,49,34,120,-0.01539804,0.0196,-0.047599999999999996,0.036,-0.0073980400000000016
Kensington and Chelsea,2017-09-30,590,0.7362,377,49,34,150,-0.02103283,0.0196,-0.047599999999999996,0.045,-0.004032830000000001
Kensington and Chelsea,2017-12-31,397,0.7275,249,31,25,115,-0.01389171,0.012400000000000001,-0.034999999999999996,0.034499999999999996,-0.0019917100000000007
Kensington and Chelsea,2018-03-31,387,0.7212,264,28,23,88,-0.01472856,0.0112,-0.0322,0.026399999999999996,-0.009328560000000003
Kensington and Chelsea,2018-06-30,564,0.7162,314,41,63,175,-0.01751806,0.0164,-0.0882,0.0525,-0.03681806000000001
Kensington and Chelsea,2018-09-30,1153,0.7175,699,72,39,381,-0.03899721,0.028800000000000003,-0.0546,0.11429999999999998,0.04950278999999999
Kensington and Chelsea,2018-12-31,803,0.725,654,76,28,110,-0.03648666,0.0304,-0.0392,0.032999999999999995,-0.012286659999999998
Kensington and Chelsea,2019-03-31,639,0.715,485,55,54,101,-0.02705815,0.022000000000000002,-0.0756,0.030299999999999997,-0.050358150000000004
Kensington and Chelsea,2019-06-30,715,0.7113,574,52,53,88,-0.03202346,0.020800000000000003,-0.0742,0.026399999999999996,-0.05902346
Kensington and Chelsea,2019-09-30,1163,0.6988,937,47,33,195,-0.05227523,0.0188,-0.0462,0.058499999999999996,-0.02117522999999999
Kensington and Chelsea,2019-12-31,610,0.6988,496,46,21,71,-0.02767184,0.0184,-0.0294,0.0213,-0.01737184
Kensington and Chelsea,2020-03-31,564,0.6587,445,47,44,54,-0.02482655,0.0188,-0.0616,0.0162,-0.05142655000000001
Kensington and Chelsea,2020-06-30,973,0.6675,818,46,32,119,-0.04563622,0.0184,-0.0448,0.035699999999999996,-0.03633622
Kensington and Chelsea,2020-09-30,800,0.6712,636,52,30,116,-0.03548244,0.020800000000000003,-0.042,0.0348,-0.021882440000000003
Kensington and Chelsea,2020-12-31,638,0.6413,528,44,26,78,-0.02945712,0.0176,-0.0364,0.023399999999999997,-0.024857120000000003
Kensington and Chelsea,2021-03-31,941,0.6575,768,40,33,123,-0.04284672,0.016,-0.0462,0.036899999999999995,-0.03614672
Kensington and Chelsea,2021-06-30,835,0.6025,632,49,60,108,-0.03525928,0.0196,-0.084,0.0324,-0.06725928
Kensington and Chelsea,2021-09-30,618,0.5788,451,52,44,53,-0.02516129,0.020800000000000003,-0.0616,0.015899999999999997,-0.05006129000000001
Kensington and Chelsea,2021-12-31,568,0.575,424,23,28,42,-0.02365496,0.0092,-0.0392,0.012599999999999998,-0.04105496
Kensington and Chelsea,2022-03-31,478,0.5475,349,18,30,39,-0.01947071,0.007200000000000001,-0.042,0.011699999999999999,-0.04257071
Kensington and Chelsea,2022-06-30,443,0.5612,303,36,27,36,-0.01690437,0.014400000000000001,-0.0378,0.010799999999999999,-0.029504370000000002
Kensington and Chelsea,2022-09-30,867,0.55,541,48,48,60,-0.03018239,0.019200000000000002,-0.0672,0.018,-0.06018238999999999
Kensington and Chelsea,2022-12-31,447,0.5337,315,22,36,29,-0.01757385,0.0088,-0.0504,0.0087,-0.05047385
Kensington and Chelsea,2023-03-31,396,0.555,266,18,36,18,-0.01484014,0.007200000000000001,-0.0504,0.005399999999999999,-0.052640139999999995
Kensington and Chelsea,2023-06-30,392,0.565,262,25,33,33,-0.01461698,0.01,-0.0462,0.009899999999999999,-0.04091698
Kensington and Chelsea,2023-09-30,1030,0.5862,660,66,46,97,-0.0368214,0.0264,-0.0644,0.029099999999999997,-0.045721399999999995
Kensington and Chelsea,2023-12-31,473,0.6137,330,28,42,40,-0.0184107,0.0112,-0.0588,0.011999999999999999,-0.054010699999999995
Kingston upon Thames,2017-06-30,225,0.7062,163,12,5,58,-0.00909377,0.0048000000000000004,-0.007,0.0174,0.006106230000000001
Kingston upon Thames,2017-09-30,233,0.6812,159,13,8,58,-0.00887061,0.005200000000000001,-0.0112,0.0174,0.0025293899999999994
Kingston upon Thames,2017-12-31,216,0.6575,161,7,14,44,-0.00898219,0.0028,-0.0196,0.013199999999999998,-0.012582189999999998
Kingston upon Thames,2018-03-31,256,0.6375,155,21,8,81,-0.00864745,0.008400000000000001,-0.0112,0.0243,0.01285255
Kingston upon Thames,2018-06-30,290,0.6375,181,15,10,99,-0.01009799,0.006,-0.014,0.029699999999999997,0.011602009999999996
Kingston upon Thames,2018-09-30,427,0.6425,300,20,24,101,-0.016737,0.008,-0.0336,0.030299999999999997,-0.012037000000000003
Kingston upon Thames,2018-12-31,654,0.6475,457,60,38,156,-0.02549603,0.024,-0.0532,0.046799999999999994,-0.007896029999999998
Kingston upon Thames,2019-03-31,612,0.6313,451,36,33,125,-0.02516129,0.014400000000000001,-0.0462,0.0375,-0.01946129
Kingston upon Thames,2019-06-30,594,0.6075,434,28,26,138,-0.02421286,0.0112,-0.0364,0.0414,-0.008012860000000004
Kingston upon Thames,2019-09-30,722,0.62,528,42,59,139,-0.02945712,0.016800000000000002,-0.08259999999999999,0.041699999999999994,-0.05355711999999999
Kingston upon Thames,2019-12-31,741,0.625,557,41,35,151,-0.03107503,0.0164,-0.049,0.04529999999999999,-0.01837503
Kingston upon Thames,2020-03-31,777,0.65,630,42,46,109,-0.0351477,0.016800000000000002,-0.0644,0.0327,-0.050047699999999994
Kingston upon Thames,2020-06-30,864,0.6575,712,34,27,139,-0.03972248,0.013600000000000001,-0.0378,0.041699999999999994,-0.02222248000000001
Kingston upon Thames,2020-09-30,756,0.6475,578,52,50,132,-0.03224662,0.020800000000000003,-0.06999999999999999,0.039599999999999996,-0.04184661999999999
Kingston upon Thames,2020-12-31,725,0.6488,534,47,43,139,-0.02979186,0.0188,-0.0602,0.041699999999999994,-0.02949186
Kingston upon Thames,2021-03-31,561,0.6475,432,32,24,88,-0.02410128,0.0128,-0.0336,0.026399999999999996,-0.01850128
Kingston upon Thames,2021-06-30,677,0.6587,502,48,40,134,-0.02800658,0.019200000000000002,-0.056,0.0402,-0.024606580000000003
Kingston upon Thames,2021-09-30,585,0.6525,395,26,34,101,-0.02203705,0.010400000000000001,-0.047599999999999996,0.030299999999999997,-0.028937049999999995
Kingston upon Thames,2021-12-31,552,0.6562,362,24,22,105,-0.02019598,0.009600000000000001,-0.0308,0.0315,-0.009895979999999999
Kingston upon Thames,2022-03-31,511,0.635,341,41,37,65,-0.01902439,0.0164,-0.0518,0.0195,-0.03492439
Kingston upon Thames,2022-06-30,470,0.6062,322,19,32,63,-0.01796438,0.0076,-0.0448,0.018899999999999997,-0.03626438
Kingston upon Thames,2022-09-30,444,0.5913,264,21,34,74,-0.01472856,0.008400000000000001,-0.047599999999999996,0.022199999999999998,-0.031728559999999996
Kingston upon Thames,2022-12-31,356,0.5438,232,14,28,53,-0.01294328,0.0056,-0.0392,0.015899999999999997,-0.030643280000000002
Kingston upon Thames,2023-03-31,401,0.52,236,27,33,65,-0.01316644,0.0108,-0.0462,0.0195,-0.029066439999999995
Kingston upon Thames,2023-06-30,444,0.4962,248,27,46,80,-0.01383592,0.0108,-0.0644,0.023999999999999997,-0.04343592
Kingston upon Thames,2023-09-30,395,0.4975,226,38,47,62,-0.01260854,0.0152,-0.0658,0.0186,-0.044608539999999995
Kingston upon Thames,2023-12-31,371,0.505,228,19,30,55,-0.01272012,0.0076,-0.042,0.016499999999999997,-0.030620120000000004
Lambeth,2017-06-30,724,0.6912,441,17,21,256,-0.02460339,0.0068000000000000005,-0.0294,0.0768,0.029596609999999995
Lambeth,2017-09-30,927,0.6762,576,47,31,301,-0.03213504,0.0188,-0.0434,0.09029999999999999,0.03356495999999999
Lambeth,2017-12-31,926,0.6738,497,40,44,377,-0.02772763,0.016,-0.0616,0.11309999999999999,0.03977236999999999
Lambeth,2018-03-31,1023,0.63,590,43,50,375,-0.0329161,0.0172,-0.06999999999999999,0.11249999999999999,0.0267839
Lambeth,2018-06-30,1459,0.6062,853,64,47,540,-0.04758887,0.0256,-0.0658,0.16199999999999998,0.07421112999999999
Lambeth,2018-09-30,1689,0.5938,1139,55,44,482,-0.06354481,0.022000000000000002,-0.0616,0.14459999999999998,0.04145518999999999
Lambeth,2018-12-31,2417,0.5875,1936,69,48,442,-0.10800944,0.027600000000000003,-0.0672,0.1326,-0.015009439999999985
Lambeth,2019-03-31,2123,0.5838,1829,68,40,274,-0.10203991,0.027200000000000002,-0.056,0.0822,-0.04863991000000001
Lambeth,2019-06-30,2170,0.5875,1911,68,36,238,-0.10661469,0.027200000000000002,-0.0504,0.07139999999999999,-0.05841469000000002
Lambeth,2019-09-30,2198,0.575,1896,72,43,273,-0.10577784,0.028800000000000003,-0.0602,0.08189999999999999,-0.05527784000000001
Lambeth,2019-12-31,2046,0.5662,1737,66,55,251,-0.09690723,0.0264,-0.077,0.07529999999999999,-0.07220723
Lambeth,2020-03-31,2086,0.52,1774,75,45,262,-0.09897146,0.030000000000000002,-0.063,0.07859999999999999,-0.053371459999999996
Lambeth,2020-06-30,2330,0.5162,2002,76,60,265,-0.11169158,0.0304,-0.084,0.07949999999999999,-0.08579158
Lambeth,2020-09-30,2144,0.5162,1814,82,59,266,-0.10120306,0.0328,-0.08259999999999999,0.0798,-0.07120305999999997
Lambeth,2020-12-31,2157,0.5012,1833,60,48,269,-0.10226307,0.024,-0.0672,0.0807,-0.06476306999999998
Lambeth,2021-03-31,2105,0.5312,1737,59,46,323,-0.09690723,0.0236,-0.0644,0.09689999999999999,-0.04080723000000003
Lambeth,2021-06-30,2277,0.5063,1905,93,71,289,-0.10627995,0.037200000000000004,-0.0994,0.0867,-0.08177994999999999
Lambeth,2021-09-30,1842,0.4825,1425,70,57,193,-0.07950075,0.028,-0.0798,0.05789999999999999,-0.07340075
Lambeth,2021-12-31,1858,0.4712,1371,79,44,162,-0.07648809,0.0316,-0.0616,0.0486,-0.057888089999999996
Lambeth,2022-03-31,1655,0.42,1170,53,72,154,-0.0652743,0.0212,-0.1008,0.0462,-0.09867430000000002
Lambeth,2022-06-30,1509,0.4188,1054,55,61,142,-0.05880266,0.022000000000000002,-0.0854,0.0426,-0.07960266
Lambeth,2022-09-30,1366,0.3988,995,43,60,120,-0.05551105,0.0172,-0.084,0.036,-0.08631105
Lambeth,2022-12-31,1308,0.395,885,39,78,123,-0.04937415,0.015600000000000001,-0.1092,0.036899999999999995,-0.10607415
Lambeth,2023-03-31,1353,0.4225,916,59,79,127,-0.05110364,0.0236,-0.1106,0.038099999999999995,-0.10000364
Lambeth,2023-06-30,1299,0.415,855,70,66,131,-0.04770045,0.028,-0.0924,0.039299999999999995,-0.07280044999999999
Lambeth,2023-09-30,1269,0.4312,856,82,67,135,-0.04775624,0.0328,-0.0938,0.040499999999999994,-0.06825624
Lambeth,2023-12-31,1225,0.4662,793,70,61,148,-0.04424147,0.028,-0.0854,0.044399999999999995,-0.05724147
Lewisham,2017-06-30,473,0.655,295,29,33,138,-0.01645805,0.011600000000000001,-0.0462,0.0414,-0.009658049999999994
Lewisham,2017-09-30,469,0.6337,326,31,17,119,-0.01818754,0.012400000000000001,-0.023799999999999998,0.035699999999999996,0.00611246
Lewisham,2017-12-31,523,0.64,308,26,35,176,-0.01718332,0.010400000000000001,-0.049,0.05279999999999999,-0.0029833200000000046
Lewisham,2018-03-31,619,0.6275,401,33,32,186,-0.02237179,0.0132,-0.0448,0.055799999999999995,0.0018282099999999968
Lewisham,2018-06-30,850,0.615,465,60,50,327,-0.02594235,0.024,-0.06999999999999999,0.09809999999999999,0.026157650000000005
Lewisham,2018-09-30,1404,0.5925,979,49,44,380,-0.05461841,0.0196,-0.0616,0.11399999999999999,0.01738158999999999
Lewisham,2018-12-31,1653,0.585,1311,71,52,291,-0.07314069,0.0284,-0.0728,0.08729999999999999,-0.030240690000000015
Lewisham,2019-03-31,1646,0.575,1381,80,42,215,-0.07704599,0.032,-0.0588,0.06449999999999999,-0.03934599000000001
Lewisham,2019-06-30,1505,0.5812,1272,60,50,177,-0.07096488,0.024,-0.06999999999999999,0.053099999999999994,-0.06386488
Lewisham,2019-09-30,1653,0.5575,1327,48,65,272,-0.07403333,0.019200000000000002,-0.091,0.08159999999999999,-0.06423332999999999
Lewisham,2019-12-31,1411,0.5538,1181,62,44,172,-0.06588799,0.024800000000000003,-0.0616,0.05159999999999999,-0.05108799
Lewisham,2020-03-31,1621,0.5225,1335,51,47,235,-0.07447965,0.0204,-0.0658,0.0705,-0.04937965
Lewisham,2020-06-30,2047,0.5162,1731,52,58,270,-0.09657249,0.020800000000000003,-0.0812,0.08099999999999999,-0.07597249
Lewisham,2020-09-30,1550,0.5162,1270,60,67,212,-0.0708533,0.024,-0.0938,0.06359999999999999,-0.07705329999999999
Lewisham,2020-12-31,1772,0.495,1514,49,51,218,-0.08446606,0.0196,-0.0714,0.0654,-0.07086606000000002
Lewisham,2021-03-31,1574,0.4988,1348,68,53,162,-0.07520492,0.027200000000000002,-0.0742,0.0486,-0.07360491999999999
Lewisham,2021-06-30,1825,0.4825,1528,64,50,239,-0.08524712,0.0256,-0.06999999999999999,0.0717,-0.057947120000000005
Lewisham,2021-09-30,1383,0.475,1095,59,39,154,-0.06109005,0.0236,-0.0546,0.0462,-0.04589005000000001
Lewisham,2021-12-31,1365,0.4712,950,59,41,151,-0.0530005,0.0236,-0.0574,0.04529999999999999,-0.04150050000000001
Lewisham,2022-03-31,1510,0.45,1077,45,57,154,-0.06008583,0.018000000000000002,-0.0798,0.0462,-0.07568583000000001
Lewisham,2022-06-30,1401,0.4425,987,47,53,127,-0.05506473,0.0188,-0.0742,0.038099999999999995,-0.07236473
Lewisham,2022-09-30,1573,0.4487,1103,57,73,185,-0.06153637,0.0228,-0.1022,0.055499999999999994,-0.08543637000000001
Lewisham,2022-12-31,1349,0.4238,969,48,69,122,-0.05406051,0.019200000000000002,-0.0966,0.036599999999999994,-0.09486051000000001
Lewisham,2023-03-31,1365,0.4225,950,61,68,147,-0.0530005,0.0244,-0.09519999999999999,0.04409999999999999,-0.07970050000000001
Lewisham,2023-06-30,1361,0.4075,914,60,72,139,-0.05099206,0.024,-0.1008,0.041699999999999994,-0.08609206
Lewisham,2023-09-30,1482,0.4025,1014,91,83,170,-0.05657106,0.0364,-0.1162,0.051,-0.08537106
Lewisham,2023-12-31,1213,0.4112,762,73,104,156,-0.04251198,0.0292,-0.1456,0.046799999999999994,-0.11211198000000001
Merton,2017-06-30,201,0.6625,155,15,8,34,-0.00864745,0.006,-0.0112,0.010199999999999999,-0.00364745
Merton,2017-09-30,216,0.67,163,7,6,44,-0.00909377,0.0028,-0.0084,0.013199999999999998,-0.0014937700000000002
Merton,2017-12-31,228,0.6712,177,14,10,34,-0.00987483,0.0056,-0.014,0.010199999999999999,-0.00807483
Merton,2018-03-31,259,0.6712,164,10,18,64,-0.00914956,0.004,-0.0252,0.0192,-0.01114956
Merton,2018-06-30,226,0.6475,156,10,19,46,-0.00870324,0.004,-0.0266,0.013799999999999998,-0.017503239999999996
Merton,2018-09-30,291,0.6437,223,11,10,51,-0.01244117,0.0044,-0.014,0.0153,-0.0067411699999999995
Merton,2018-12-31,528,0.6425,455,18,12,53,-0.02538445,0.007200000000000001,-0.0168,0.015899999999999997,-0.019084450000000003
Merton,2019-03-31,430,0.635,361,14,18,52,-0.02014019,0.0056,-0.0252,0.0156,-0.024140189999999995
Merton,2019-06-30,412,0.6325,347,33,21,39,-0.01935913,0.0132,-0.0294,0.011699999999999999,-0.023859129999999996
Merton,2019-09-30,588,0.6312,522,18,10,57,-0.02912238,0.007200000000000001,-0.014,0.017099999999999997,-0.01882238
Merton,2019-12-31,450,0.6038,397,15,20,37,-0.02214863,0.006,-0.028,0.011099999999999999,-0.033048629999999996
Merton,2020-03-31,539,0.6125,474,21,9,53,-0.02644446,0.008400000000000001,-0.0126,0.015899999999999997,-0.014744460000000001
Merton,2020-06-30,656,0.625,565,20,23,74,-0.03152135,0.008,-0.0322,0.022199999999999998,-0.03352135
Merton,2020-09-30,491,0.6125,430,15,21,41,-0.0239897,0.006,-0.0294,0.012299999999999998,-0.035089699999999995
Merton,2020-12-31,562,0.62,479,25,20,54,-0.02672341,0.01,-0.028,0.0162,-0.028523410000000006
Merton,2021-03-31,404,0.6238,356,11,5,45,-0.01986124,0.0044,-0.007,0.013499999999999998,-0.008961239999999999
Merton,2021-06-30,481,0.6038,402,24,28,55,-0.02242758,0.009600000000000001,-0.0392,0.016499999999999997,-0.03552758
Merton,2021-09-30,413,0.5675,328,20,17,33,-0.01829912,0.008,-0.023799999999999998,0.009899999999999999,-0.024199119999999998
Merton,2021-12-31,400,0.5525,317,18,18,16,-0.01768543,0.007200000000000001,-0.0252,0.0048,-0.03088543
Merton,2022-03-31,390,0.5325,285,17,14,39,-0.01590015,0.0068000000000000005,-0.0196,0.011699999999999999,-0.01700015
Merton,2022-06-30,385,0.535,293,21,26,23,-0.01634647,0.008400000000000001,-0.0364,0.006899999999999999,-0.03744647
Merton,2022-09-30,359,0.5638,283,19,10,18,-0.01578857,0.0076,-0.014,0.005399999999999999,-0.01678857
Merton,2022-12-31,344,0.56,257,10,16,19,-0.01433803,0.004,-0.0224,0.005699999999999999,-0.02703803
Merton,2023-03-31,343,0.5488,220,32,34,32,-0.0122738,0.0128,-0.047599999999999996,0.0096,-0.0374738
Merton,2023-06-30,338,0.5462,223,26,25,31,-0.01244117,0.010400000000000001,-0.034999999999999996,0.0093,-0.02774117
Merton,2023-09-30,374,0.52,249,33,29,18,-0.01389171,0.0132,-0.0406,0.005399999999999999,-0.03589170999999999
Merton,2023-12-31,263,0.5125,211,14,9,17,-0.01177169,0.0056,-0.0126,0.0050999999999999995,-0.01367169
Newham,2017-06-30,540,0.6987,363,20,23,143,-0.02025177,0.008,-0.0322,0.042899999999999994,-0.0015517700000000079
Newham,2017-09-30,666,0.6938,473,25,22,172,-0.02638867,0.01,-0.0308,0.05159999999999999,0.004411329999999991
Newham,2017-12-31,559,0.6775,357,7,16,174,-0.01991703,0.0028,-0.0224,0.052199999999999996,0.012682970000000002
Newham,2018-03-31,825,0.6487,514,21,25,277,-0.02867606,0.008400000000000001,-0.034999999999999996,0.0831,0.02782394
Newham,2018-06-30,766,0.6388,491,32,20,243,-0.02739289,0.0128,-0.028,0.07289999999999999,0.03030710999999999
Newham,2018-09-30,1403,0.6312,1085,40,28,270,-0.06053215,0.016,-0.0392,0.08099999999999999,-0.0027321500000000165
Newham,2018-12-31,2036,0.6338,1744,53,39,268,-0.09729776,0.0212,-0.0546,0.0804,-0.05029776
Newham,2019-03-31,1777,0.6425,1536,37,50,203,-0.08569344,0.0148,-0.06999999999999999,0.060899999999999996,-0.07999343999999999
Newham,2019-06-30,1872,0.6525,1615,73,56,203,-0.09010085,0.0292,-0.0784,0.060899999999999996,-0.07840084999999998
Newham,2019-09-30,2201,0.6437,1852,46,71,292,-0.10332308,0.0184,-0.0994,0.0876,-0.09672308
Newham,2019-12-31,1791,0.61,1537,47,43,213,-0.08574923,0.0188,-0.0602,0.0639,-0.06324923
Newham,2020-03-31,1657,0.5862,1446,34,37,165,-0.08067234,0.013600000000000001,-0.0518,0.049499999999999995,-0.06937234
Newham,2020-06-30,1986,0.5888,1721,55,65,208,-0.09601459,0.022000000000000002,-0.091,0.0624,-0.10261458999999999
Newham,2020-09-30,2322,0.5712,1985,66,78,259,-0.11074315,0.0264,-0.1092,0.07769999999999999,-0.11584315
Newham,2020-12-31,2217,0.5862,1879,58,92,242,-0.10482941,0.023200000000000002,-0.1288,0.0726,-0.13782940999999999
Newham,2021-03-31,1981,0.6012,1643,68,66,259,-0.09166297,0.027200000000000002,-0.0924,0.07769999999999999,-0.07916297
Newham,2021-06-30,1784,0.5738,1513,69,59,212,-0.08441027,0.027600000000000003,-0.08259999999999999,0.06359999999999999,-0.07581027000000001
Newham,2021-09-30,1629,0.56,1296,48,43,129,-0.07230384,0.019200000000000002,-0.0602,0.0387,-0.07460383999999999
Newham,2021-12-31,1731,0.54,1311,50,63,151,-0.07314069,0.02,-0.0882,0.04529999999999999,-0.09604069
Newham,2022-03-31,1808,0.4975,1412,55,57,121,-0.07877548,0.022000000000000002,-0.0798,0.0363,-0.10027547999999997
Newham,2022-06-30,1571,0.5012,1168,44,56,120,-0.06516272,0.0176,-0.0784,0.036,-0.08996271999999997
Newham,2022-09-30,1660,0.4888,1246,44,55,124,-0.06951434,0.0176,-0.077,0.0372,-0.09171433999999999
Newham,2022-12-31,1550,0.4887,1130,73,64,131,-0.0630427,0.0292,-0.0896,0.039299999999999995,-0.08414269999999999
Newham,2023-03-31,1198,0.51,792,47,73,143,-0.04418568,0.0188,-0.1022,0.042899999999999994,-0.08468568000000001
Newham,2023-06-30,1350,0.4725,983,42,38,115,-0.05484157,0.016800000000000002,-0.0532,0.034499999999999996,-0.05674157
Newham,2023-09-30,1430,0.48,969,59,53,156,-0.05406051,0.0236,-0.0742,0.046799999999999994,-0.057860510000000004
Newham,2023-12-31,1252,0.4775,866,53,50,115,-0.04831414,0.0212,-0.06999999999999999,0.034499999999999996,-0.06261413999999998
Redbridge,2017-06-30,225,0.6925,165,9,2,60,-0.00920535,0.0036000000000000003,-0.0028,0.018,0.00959465
Redbridge,2017-09-30,302,0.695,203,20,22,73,-0.01132537,0.008,-0.0308,0.0219,-0.012225370000000003
Redbridge,2017-12-31,360,0.6625,211,12,32,112,-0.01177169,0.0048000000000000004,-0.0448,0.0336,-0.018171689999999997
Redbridge,2018-03-31,403,0.65,289,16,14,102,-0.01612331,0.0064,-0.0196,0.0306,0.0012766900000000005
Redbridge,2018-06-30,437,0.6162,308,24,22,95,-0.01718332,0.009600000000000001,-0.0308,0.028499999999999998,-0.009883320000000001
Redbridge,2018-09-30,583,0.6038,449,27,14,116,-0.02504971,0.0108,-0.0196,0.0348,0.0009502899999999995
Redbridge,2018-12-31,708,0.5962,594,20,23,84,-0.03313926,0.008,-0.0322,0.025199999999999997,-0.03213926
Redbridge,2019-03-31,824,0.5625,714,15,32,76,-0.03983406,0.006,-0.0448,0.022799999999999997,-0.055834060000000005
Redbridge,2019-06-30,771,0.5862,695,12,11,85,-0.03877405,0.0048000000000000004,-0.0154,0.0255,-0.023874050000000004
Redbridge,2019-09-30,855,0.58,770,28,10,70,-0.0429583,0.0112,-0.014,0.020999999999999998,-0.024758299999999997
Redbridge,2019-12-31,1001,0.5938,825,47,33,144,-0.04602675,0.0188,-0.0462,0.043199999999999995,-0.030226750000000004
Redbridge,2020-03-31,1018,0.6025,836,38,30,144,-0.04664044,0.0152,-0.042,0.043199999999999995,-0.03024044
Redbridge,2020-06-30,1142,0.6,985,27,30,127,-0.05495315,0.0108,-0.042,0.038099999999999995,-0.04805315000000002
Redbridge,2020-09-30,1031,0.6088,899,30,27,110,-0.05015521,0.012,-0.0378,0.032999999999999995,-0.04295521
Redbridge,2020-12-31,1036,0.6125,898,29,41,95,-0.05009942,0.011600000000000001,-0.0574,0.028499999999999998,-0.06739942
Redbridge,2021-03-31,1034,0.6013,917,35,20,94,-0.05115943,0.014,-0.028,0.028199999999999996,-0.03695943000000001
Redbridge,2021-06-30,900,0.58,750,27,31,112,-0.0418425,0.0108,-0.0434,0.0336,-0.0408425
Redbridge,2021-09-30,837,0.54,655,31,14,79,-0.03654245,0.012400000000000001,-0.0196,0.0237,-0.020042449999999996
Redbridge,2021-12-31,831,0.5388,613,24,21,89,-0.03419927,0.009600000000000001,-0.0294,0.026699999999999998,-0.027299269999999997
Redbridge,2022-03-31,868,0.5425,654,17,31,61,-0.03648666,0.0068000000000000005,-0.0434,0.018299999999999997,-0.05478666
Redbridge,2022-06-30,827,0.5325,573,29,42,66,-0.03196767,0.011600000000000001,-0.0588,0.019799999999999998,-0.05936767
Redbridge,2022-09-30,817,0.5488,537,35,34,63,-0.02995923,0.014,-0.047599999999999996,0.018899999999999997,-0.044659229999999994
Redbridge,2022-12-31,814,0.5325,548,36,38,66,-0.03057292,0.014400000000000001,-0.0532,0.019799999999999998,-0.049572920000000006
Redbridge,2023-03-31,737,0.5138,470,27,39,80,-0.0262213,0.0108,-0.0546,0.023999999999999997,-0.046021300000000015
Redbridge,2023-06-30,733,0.4962,455,58,52,68,-0.02538445,0.023200000000000002,-0.0728,0.020399999999999998,-0.05458445000000001
Redbridge,2023-09-30,638,0.4687,394,22,42,74,-0.02198126,0.0088,-0.0588,0.022199999999999998,-0.049781259999999994
Redbridge,2023-12-31,569,0.445,350,34,32,77,-0.0195265,0.013600000000000001,-0.0448,0.0231,-0.027626499999999995
Richmond upon Thames,2017-06-30,190,0.6875,164,12,8,14,-0.00914956,0.0048000000000000004,-0.0112,0.0042,-0.011349559999999998
Richmond upon Thames,2017-09-30,239,0.67,180,13,18,36,-0.0100422,0.005200000000000001,-0.0252,0.010799999999999999,-0.0192422
Richmond upon Thames,2017-12-31,222,0.665,161,11,27,32,-0.00898219,0.0044,-0.0378,0.0096,-0.03278219
Richmond upon Thames,2018-03-31,263,0.6538,209,9,15,37,-0.01166011,0.0036000000000000003,-0.021,0.011099999999999999,-0.01796011
Richmond upon Thames,2018-06-30,266,0.6412,183,22,28,47,-0.01020957,0.0088,-0.0392,0.014099999999999998,-0.02650957
Richmond upon Thames,2018-09-30,281,0.6338,221,22,14,41,-0.01232959,0.0088,-0.0196,0.012299999999999998,-0.01082959
Richmond upon Thames,2018-12-31,385,0.6275,301,30,28,46,-0.01679279,0.012,-0.0392,0.013799999999999998,-0.030192789999999997
Richmond upon Thames,2019-03-31,263,0.61,215,16,17,18,-0.01199485,0.0064,-0.023799999999999998,0.005399999999999999,-0.023994849999999998
Richmond upon Thames,2019-06-30,322,0.6075,267,18,15,34,-0.01489593,0.007200000000000001,-0.021,0.010199999999999999,-0.01849593
Richmond upon Thames,2019-09-30,344,0.6013,286,24,21,32,-0.01595594,0.009600000000000001,-0.0294,0.0096,-0.026155940000000003
Richmond upon Thames,2019-12-31,363,0.59,318,9,10,37,-0.01774122,0.0036000000000000003,-0.014,0.011099999999999999,-0.01704122
Richmond upon Thames,2020-03-31,347,0.6038,307,12,12,28,-0.01712753,0.0048000000000000004,-0.0168,0.0084,-0.02072753
Richmond upon Thames,2020-06-30,458,0.6262,370,23,27,48,-0.0206423,0.0092,-0.0378,0.0144,-0.03484230000000001
Richmond upon Thames,2020-09-30,404,0.6438,315,37,17,65,-0.01757385,0.0148,-0.023799999999999998,0.0195,-0.007073849999999996
Richmond upon Thames,2020-12-31,398,0.6538,344,20,16,39,-0.01919176,0.008,-0.0224,0.011699999999999999,-0.02189176
Richmond upon Thames,2021-03-31,419,0.6612,320,26,34,54,-0.0178528,0.010400000000000001,-0.047599999999999996,0.0162,-0.03885279999999999
Richmond upon Thames,2021-06-30,341,0.6575,258,18,40,33,-0.01439382,0.007200000000000001,-0.056,0.009899999999999999,-0.05329382
Richmond upon Thames,2021-09-30,267,0.64,188,28,22,27,-0.01048852,0.0112,-0.0308,0.0081,-0.02198852
Richmond upon Thames,2021-12-31,293,0.6538,218,19,16,14,-0.01216222,0.0076,-0.0224,0.0042,-0.02276222
Richmond upon Thames,2022-03-31,253,0.6387,191,14,17,7,-0.01065589,0.0056,-0.023799999999999998,0.0021,-0.026755889999999997
Richmond upon Thames,2022-06-30,236,0.5975,172,15,11,17,-0.00959588,0.006,-0.0154,0.0050999999999999995,-0.01389588
Richmond upon Thames,2022-09-30,223,0.5675,154,14,23,10,-0.00859166,0.0056,-0.0322,0.0029999999999999996,-0.03219166
Richmond upon Thames,2022-12-31,194,0.5125,145,7,11,10,-0.00808955,0.0028,-0.0154,0.0029999999999999996,-0.017689550000000002
Richmond upon Thames,2023-03-31,197,0.4888,117,14,28,12,-0.00652743,0.0056,-0.0392,0.0036,-0.03652743
Richmond upon Thames,2023-06-30,184,0.4875,129,18,26,12,-0.00719691,0.007200000000000001,-0.0364,0.0036,-0.032796910000000006
Richmond upon Thames,2023-09-30,214,0.4638,118,23,32,26,-0.00658322,0.0092,-0.0448,0.0078,-0.03438322
Richmond upon Thames,2023-12-31,205,0.4875,150,10,10,12,-0.0083685,0.004,-0.014,0.0036,-0.0147685
Southwark,2017-06-30,438,0.6712,262,10,15,161,-0.01461698,0.004,-0.021,0.048299999999999996,0.016683019999999993
Southwark,2017-09-30,623,0.6625,369,32,24,213,-0.02058651,0.0128,-0.0336,0.0639,0.022513490000000004
Southwark,2017-12-31,733,0.6688,409,47,44,263,-0.02281811,0.0188,-0.0616,0.0789,0.01328188999999999
Southwark,2018-03-31,800,0.6575,465,34,32,292,-0.02594235,0.013600000000000001,-0.0448,0.0876,0.030457650000000003
Southwark,2018-06-30,966,0.6438,569,41,47,344,-0.03174451,0.0164,-0.0658,0.10319999999999999,0.022055489999999997
Southwark,2018-09-30,1577,0.6362,1104,53,44,410,-0.06159216,0.0212,-0.0616,0.12299999999999998,0.021007839999999986
Southwark,2018-12-31,1760,0.6075,1422,64,71,271,-0.07933338,0.0256,-0.0994,0.0813,-0.07183337999999999
Southwark,2019-03-31,1919,0.58,1587,67,59,271,-0.08853873,0.0268,-0.08259999999999999,0.0813,-0.06303872999999997
Southwark,2019-06-30,1916,0.585,1605,70,53,263,-0.08954295,0.028,-0.0742,0.0789,-0.05684295
Southwark,2019-09-30,2153,0.5975,1859,78,68,233,-0.10371361,0.031200000000000002,-0.09519999999999999,0.06989999999999999,-0.09781361
Southwark,2019-12-31,2138,0.6175,1827,62,48,255,-0.10192833,0.024800000000000003,-0.0672,0.0765,-0.06782833
Southwark,2020-03-31,1745,0.6125,1508,56,52,190,-0.08413132,0.0224,-0.0728,0.056999999999999995,-0.07753132000000001
Southwark,2020-06-30,1958,0.61,1698,65,64,193,-0.09473142,0.026000000000000002,-0.0896,0.05789999999999999,-0.10043142000000001
Southwark,2020-09-30,2082,0.5925,1794,98,48,240,-0.10008726,0.0392,-0.0672,0.072,-0.056087259999999986
Southwark,2020-12-31,2139,0.5725,1870,67,54,224,-0.1043273,0.0268,-0.0756,0.0672,-0.0859273
Southwark,2021-03-31,2149,0.5588,1862,58,40,250,-0.10388098,0.023200000000000002,-0.056,0.075,-0.06168098000000001
Southwark,2021-06-30,1957,0.5388,1643,82,59,234,-0.09166297,0.0328,-0.08259999999999999,0.0702,-0.07126297
Southwark,2021-09-30,1676,0.5137,1280,77,84,138,-0.0714112,0.0308,-0.1176,0.0414,-0.1168112
Southwark,2021-12-31,1637,0.5138,1252,45,49,141,-0.06984908,0.018000000000000002,-0.0686,0.0423,-0.07814907999999998
Southwark,2022-03-31,1720,0.4988,1259,60,59,155,-0.07023961,0.024,-0.08259999999999999,0.04649999999999999,-0.08233961000000001
Southwark,2022-06-30,1652,0.4925,1194,50,44,147,-0.06661326,0.02,-0.0616,0.04409999999999999,-0.06411326
Southwark,2022-09-30,1486,0.5088,1055,61,65,154,-0.05885845,0.0244,-0.091,0.0462,-0.07925845000000001
Southwark,2022-12-31,1344,0.465,923,70,66,106,-0.05149417,0.028,-0.0924,0.031799999999999995,-0.08409417
Southwark,2023-03-31,1456,0.455,975,73,54,126,-0.05439525,0.0292,-0.0756,0.03779999999999999,-0.06299525
Southwark,2023-06-30,1292,0.45,815,96,97,122,-0.04546885,0.038400000000000004,-0.1358,0.036599999999999994,-0.10626885
Southwark,2023-09-30,1352,0.4312,919,73,70,116,-0.05127101,0.0292,-0.098,0.0348,-0.08527101000000001
Southwark,2023-12-31,1083,0.4375,709,63,76,125,-0.03955511,0.0252,-0.1064,0.0375,-0.08325511
Sutton,2017-06-30,489,0.665,361,30,20,101,-0.02014019,0.012,-0.028,0.030299999999999997,-0.0058401900000000055
Sutton,2017-09-30,301,0.6738,212,27,11,74,-0.01182748,0.0108,-0.0154,0.022199999999999998,0.005772519999999996
Sutton,2017-12-31,245,0.6712,163,23,12,56,-0.00909377,0.0092,-0.0168,0.0168,0.0001062300000000023
Sutton,2018-03-31,284,0.6762,201,16,20,59,-0.01121379,0.0064,-0.028,0.017699999999999997,-0.015113790000000005
Sutton,2018-06-30,342,0.6738,223,32,14,95,-0.01244117,0.0128,-0.0196,0.028499999999999998,0.00925883
Sutton,2018-09-30,425,0.6638,310,15,7,100,-0.0172949,0.006,-0.0098,0.03,0.008905099999999999
Sutton,2018-12-31,694,0.6575,512,31,28,148,-0.02856448,0.012400000000000001,-0.0392,0.044399999999999995,-0.010964479999999999
Sutton,2019-03-31,552,0.6175,474,25,13,52,-0.02644446,0.01,-0.0182,0.0156,-0.019044460000000003
Sutton,2019-06-30,568,0.605,434,38,34,84,-0.02421286,0.0152,-0.047599999999999996,0.025199999999999997,-0.03141286
Sutton,2019-09-30,615,0.5925,487,46,25,89,-0.02716973,0.0184,-0.034999999999999996,0.026699999999999998,-0.017069729999999995
Sutton,2019-12-31,486,0.6,364,38,39,76,-0.02030756,0.0152,-0.0546,0.022799999999999997,-0.036907560000000006
Sutton,2020-03-31,467,0.62,396,28,29,33,-0.02209284,0.0112,-0.0406,0.009899999999999999,-0.04159284
Sutton,2020-06-30,614,0.6587,556,19,11,37,-0.03101924,0.0076,-0.0154,0.011099999999999999,-0.027719240000000006
Sutton,2020-09-30,494,0.6675,412,41,11,49,-0.02298548,0.0164,-0.0154,0.0147,-0.007285479999999999
Sutton,2020-12-31,554,0.6612,499,16,8,42,-0.02783921,0.0064,-0.0112,0.012599999999999998,-0.020039210000000002
Sutton,2021-03-31,540,0.6688,473,18,20,43,-0.02638867,0.007200000000000001,-0.028,0.012899999999999998,-0.03428867000000001
Sutton,2021-06-30,515,0.66,433,30,23,52,-0.02415707,0.012,-0.0322,0.0156,-0.02875707
Sutton,2021-09-30,448,0.655,358,27,20,29,-0.01997282,0.0108,-0.028,0.0087,-0.028472819999999996
Sutton,2021-12-31,499,0.6525,382,40,27,37,-0.02131178,0.016,-0.0378,0.011099999999999999,-0.032011780000000004
Sutton,2022-03-31,451,0.6375,336,27,17,44,-0.01874544,0.0108,-0.023799999999999998,0.013199999999999998,-0.018545440000000003
Sutton,2022-06-30,436,0.6062,305,42,25,38,-0.01701595,0.016800000000000002,-0.034999999999999996,0.011399999999999999,-0.023815949999999995
Sutton,2022-09-30,405,0.5888,293,32,9,38,-0.01634647,0.0128,-0.0126,0.011399999999999999,-0.004746469999999997
Sutton,2022-12-31,359,0.5762,225,29,12,48,-0.01255275,0.011600000000000001,-0.0168,0.0144,-0.003352749999999998
Sutton,2023-03-31,446,0.5662,312,17,11,38,-0.01740648,0.0068000000000000005,-0.0154,0.011399999999999999,-0.01460648
Sutton,2023-06-30,374,0.5712,259,33,13,36,-0.01444961,0.0132,-0.0182,0.010799999999999999,-0.00864961
Sutton,2023-09-30,356,0.5838,239,35,25,33,-0.01333381,0.014,-0.034999999999999996,0.009899999999999999,-0.024433809999999993
Sutton,2023-12-31,345,0.5575,234,39,13,34,-0.01305486,0.015600000000000001,-0.0182,0.010199999999999999,-0.005454860000000001
Tower Hamlets,2017-06-30,290,0.6925,178,17,12,102,-0.00993062,0.0068000000000000005,-0.0168,0.0306,0.010669380000000003
Tower Hamlets,2017-09-30,356,0.6588,211,15,12,123,-0.01177169,0.006,-0.0168,0.036899999999999995,0.014328309999999997
Tower Hamlets,2017-12-31,338,0.65,188,11,14,138,-0.01048852,0.0044,-0.0196,0.0414,0.01571148
Tower Hamlets,2018-03-31,501,0.625,325,21,11,161,-0.01813175,0.008400000000000001,-0.0154,0.048299999999999996,0.023168249999999998
Tower Hamlets,2018-06-30,768,0.6025,466,31,20,262,-0.02599814,0.012400000000000001,-0.028,0.07859999999999999,0.03700185999999999
Tower Hamlets,2018-09-30,1407,0.5862,975,28,33,397,-0.05439525,0.0112,-0.0462,0.11909999999999998,0.029704749999999988
Tower Hamlets,2018-12-31,1859,0.595,1526,57,38,312,-0.08513554,0.0228,-0.0532,0.09359999999999999,-0.021935540000000003
Tower Hamlets,2019-03-31,1959,0.5525,1692,45,41,263,-0.09439668,0.018000000000000002,-0.0574,0.0789,-0.05489668
Tower Hamlets,2019-06-30,1601,0.5662,1413,43,23,177,-0.07883127,0.0172,-0.0322,0.053099999999999994,-0.04073127
Tower Hamlets,2019-09-30,1645,0.5788,1457,34,23,178,-0.08128603,0.013600000000000001,-0.0322,0.053399999999999996,-0.04648602999999999
Tower Hamlets,2019-12-31,1736,0.5625,1541,29,32,172,-0.08597239,0.011600000000000001,-0.0448,0.05159999999999999,-0.06757239
Tower Hamlets,2020-03-31,1637,0.5738,1454,20,24,175,-0.08111866,0.008,-0.0336,0.0525,-0.054218659999999995
Tower Hamlets,2020-06-30,1840,0.5638,1638,25,27,187,-0.09138402,0.01,-0.0378,0.0561,-0.06308402
Tower Hamlets,2020-09-30,1755,0.565,1528,32,35,193,-0.08524712,0.0128,-0.049,0.05789999999999999,-0.06354712
Tower Hamlets,2020-12-31,1896,0.5475,1644,33,32,236,-0.09171876,0.0132,-0.0448,0.07079999999999999,-0.05251876000000001
Tower Hamlets,2021-03-31,1906,0.56,1561,49,52,282,-0.08708819,0.0196,-0.0728,0.0846,-0.05568819000000001
Tower Hamlets,2021-06-30,1598,0.53,1358,42,26,215,-0.07576282,0.016800000000000002,-0.0364,0.06449999999999999,-0.03086282
Tower Hamlets,2021-09-30,1487,0.5138,1168,33,41,139,-0.06516272,0.0132,-0.0574,0.041699999999999994,-0.06766272000000001
Tower Hamlets,2021-12-31,1434,0.5325,1075,36,35,136,-0.05997425,0.014400000000000001,-0.049,0.040799999999999996,-0.05377425
Tower Hamlets,2022-03-31,1394,0.5187,957,56,65,122,-0.05339103,0.0224,-0.091,0.036599999999999994,-0.08539103
Tower Hamlets,2022-06-30,1526,0.5212,1086,32,37,150,-0.06058794,0.0128,-0.0518,0.045,-0.05458794
Tower Hamlets,2022-09-30,1377,0.505,964,46,47,115,-0.05378156,0.0184,-0.0658,0.034499999999999996,-0.06668156
Tower Hamlets,2022-12-31,1280,0.4838,832,43,46,113,-0.04641728,0.0172,-0.0644,0.0339,-0.05971728
Tower Hamlets,2023-03-31,1423,0.4838,877,39,37,181,-0.04892783,0.015600000000000001,-0.0518,0.054299999999999994,-0.030827829999999994
Tower Hamlets,2023-06-30,1372,0.475,858,47,52,153,-0.04786782,0.0188,-0.0728,0.045899999999999996,-0.05596782
Tower Hamlets,2023-09-30,1672,0.49,973,77,81,195,-0.05428367,0.0308,-0.1134,0.058499999999999996,-0.07838367000000002
Tower Hamlets,2023-12-31,1176,0.4788,767,51,71,108,-0.04279093,0.0204,-0.0994,0.0324,-0.08939093
Waltham Forest,2017-06-30,332,0.625,249,21,16,64,-0.01389171,0.008400000000000001,-0.0224,0.0192,-0.008691710000000002
Waltham Forest,2017-09-30,400,0.5988,268,33,21,96,-0.01495172,0.0132,-0.0294,0.0288,-0.0023517200000000016
Waltham Forest,2017-12-31,337,0.5588,220,22,21,95,-0.0122738,0.0088,-0.0294,0.028499999999999998,-0.004373799999999997
Waltham Forest,2018-03-31,398,0.5438,263,17,12,116,-0.01467277,0.0068000000000000005,-0.0168,0.0348,0.010127230000000001
Waltham Forest,2018-06-30,499,0.5275,309,16,14,171,-0.01723911,0.0064,-0.0196,0.0513,0.02086089
Waltham Forest,2018-09-30,729,0.5212,529,21,15,180,-0.02951291,0.008400000000000001,-0.021,0.05399999999999999,0.011887089999999989
Waltham Forest,2018-12-31,1153,0.5525,923,51,23,203,-0.05149417,0.0204,-0.0322,0.060899999999999996,-0.002394170000000001
Waltham Forest,2019-03-31,1007,0.5362,863,40,19,135,-0.04814677,0.016,-0.0266,0.040499999999999994,-0.018246770000000002
Waltham Forest,2019-06-30,1128,0.5512,956,27,27,154,-0.05333524,0.0108,-0.0378,0.0462,-0.034135240000000004
Waltham Forest,2019-09-30,1189,0.5362,1030,28,22,142,-0.0574637,0.0112,-0.0308,0.0426,-0.0344637
Waltham Forest,2019-12-31,951,0.5212,798,44,31,118,-0.04452042,0.0176,-0.0434,0.035399999999999994,-0.03492042
Waltham Forest,2020-03-31,1127,0.5262,918,40,38,186,-0.05121522,0.016,-0.0532,0.055799999999999995,-0.03261521999999999
Waltham Forest,2020-06-30,1201,0.5425,948,33,36,212,-0.05288892,0.0132,-0.0504,0.06359999999999999,-0.026488920000000013
Waltham Forest,2020-09-30,1213,0.575,1015,44,40,157,-0.05662685,0.0176,-0.056,0.047099999999999996,-0.04792685
Waltham Forest,2020-12-31,1298,0.575,989,61,84,228,-0.05517631,0.0244,-0.1176,0.06839999999999999,-0.07997631
Waltham Forest,2021-03-31,991,0.5888,824,22,49,133,-0.04597096,0.0088,-0.0686,0.0399,-0.06587096
Waltham Forest,2021-06-30,1038,0.5775,860,39,41,130,-0.0479794,0.015600000000000001,-0.0574,0.039,-0.050779399999999995
Waltham Forest,2021-09-30,809,0.565,630,33,22,108,-0.0351477,0.0132,-0.0308,0.0324,-0.020347699999999996
Waltham Forest,2021-12-31,943,0.5575,695,36,35,107,-0.03877405,0.014400000000000001,-0.049,0.0321,-0.04127405
Waltham Forest,2022-03-31,857,0.55,653,32,28,69,-0.03643087,0.0128,-0.0392,0.0207,-0.04213087
Waltham Forest,2022-06-30,848,0.52,645,18,24,94,-0.03598455,0.007200000000000001,-0.0336,0.028199999999999996,-0.03418455
Waltham Forest,2022-09-30,929,0.485,669,47,48,108,-0.03732351,0.0188,-0.0672,0.0324,-0.05332350999999999
Waltham Forest,2022-12-31,803,0.4525,525,34,34,106,-0.02928975,0.013600000000000001,-0.047599999999999996,0.031799999999999995,-0.03148975
Waltham Forest,2023-03-31,606,0.4425,414,43,59,45,-0.02309706,0.0172,-0.08259999999999999,0.013499999999999998,-0.07499705999999999
Waltham Forest,2023-06-30,757,0.4075,541,20,30,58,-0.03018239,0.008,-0.042,0.0174,-0.04678239000000001
Waltham Forest,2023-09-30,746,0.4112,513,26,54,76,-0.02862027,0.010400000000000001,-0.0756,0.022799999999999997,-0.07102027
Waltham Forest,2023-12-31,679,0.3988,488,35,23,71,-0.02722552,0.014,-0.0322,0.0213,-0.024125519999999998
Wandsworth,2017-06-30,576,0.6662,409,47,36,124,-0.02281811,0.0188,-0.0504,0.0372,-0.017218110000000002
Wandsworth,2017-09-30,567,0.6788,358,39,41,154,-0.01997282,0.015600000000000001,-0.0574,0.0462,-0.015572820000000001
Wandsworth,2017-12-31,576,0.685,387,62,29,142,-0.02159073,0.024800000000000003,-0.0406,0.0426,0.005209270000000002
Wandsworth,2018-03-31,551,0.6725,341,34,24,172,-0.01902439,0.013600000000000001,-0.0336,0.05159999999999999,0.012575610000000001
Wandsworth,2018-06-30,650,0.66,406,35,32,208,-0.02265074,0.014,-0.0448,0.0624,0.00894926
Wandsworth,2018-09-30,775,0.6462,527,43,46,201,-0.02940133,0.0172,-0.0644,0.06029999999999999,-0.016301330000000003
Wandsworth,2018-12-31,1212,0.6375,926,65,49,240,-0.05166154,0.026000000000000002,-0.0686,0.072,-0.022261539999999996
Wandsworth,2019-03-31,1082,0.625,819,57,52,214,-0.04569201,0.0228,-0.0728,0.0642,-0.03149201
Wandsworth,2019-06-30,1030,0.6225,787,51,51,197,-0.04390673,0.0204,-0.0714,0.05909999999999999,-0.03580673
Wandsworth,2019-09-30,1362,0.6175,1044,51,68,266,-0.05824476,0.0204,-0.09519999999999999,0.0798,-0.05324475999999999
Wandsworth,2019-12-31,1105,0.6025,805,61,75,230,-0.04491095,0.0244,-0.105,0.06899999999999999,-0.05651094999999999
Wandsworth,2020-03-31,1523,0.58,1218,31,27,297,-0.06795222,0.012400000000000001,-0.0378,0.0891,-0.004252219999999987
Wandsworth,2020-06-30,1212,0.5912,935,48,57,221,-0.05216365,0.019200000000000002,-0.0798,0.0663,-0.046463649999999995
Wandsworth,2020-09-30,1165,0.595,881,57,49,238,-0.04915099,0.0228,-0.0686,0.07139999999999999,-0.023550989999999994
Wandsworth,2020-12-31,1471,0.595,1199,47,38,219,-0.06689221,0.0188,-0.0532,0.0657,-0.03559221
Wandsworth,2021-03-31,1106,0.6063,852,28,34,218,-0.04753308,0.0112,-0.047599999999999996,0.0654,-0.018533079999999993
Wandsworth,2021-06-30,856,0.5925,636,65,55,144,-0.03548244,0.026000000000000002,-0.077,0.043199999999999995,-0.04328244
Wandsworth,2021-09-30,680,0.5712,507,26,26,99,-0.02828553,0.010400000000000001,-0.0364,0.029699999999999997,-0.02458553
Wandsworth,2021-12-31,802,0.5512,541,48,24,128,-0.03018239,0.019200000000000002,-0.0336,0.0384,-0.006182390000000003
Wandsworth,2022-03-31,728,0.515,499,35,43,83,-0.02783921,0.014,-0.0602,0.0249,-0.049139209999999996
Wandsworth,2022-06-30,699,0.4925,495,35,43,85,-0.02761605,0.014,-0.0602,0.0255,-0.04831605
Wandsworth,2022-09-30,716,0.4875,471,35,47,105,-0.02627709,0.014,-0.0658,0.0315,-0.04657709
Wandsworth,2022-12-31,579,0.4762,400,28,37,84,-0.022316,0.0112,-0.0518,0.025199999999999997,-0.037716
Wandsworth,2023-03-31,641,0.4825,411,39,50,85,-0.02292969,0.015600000000000001,-0.06999999999999999,0.0255,-0.05182969
Wandsworth,2023-06-30,668,0.475,392,58,48,118,-0.02186968,0.023200000000000002,-0.0672,0.035399999999999994,-0.030469679999999992
Wandsworth,2023-09-30,664,0.4738,403,42,46,107,-0.02248337,0.016800000000000002,-0.0644,0.0321,-0.037983369999999995
Wandsworth,2023-12-31,567,0.4875,349,32,25,115,-0.01947071,0.0128,-0.034999999999999996,0.034499999999999996,-0.007170709999999997
